0 0.059115 0.644444 0.118229 0.109259
0 0.232813 0.689352 0.15 0.126852
0 0.84349 0.89537 0.173437 0.137037
0 0.799219 0.950463 0.182812 0.09537
0 0.486719 0.230556 0.059896 0.055556
0 0.410938 0.265741 0.070833 0.066667
1 0.601823 0.488426 0.019271 0.069444
1 0.44974 0.590278 0.025521 0.086111
0 0.552865 0.201852 0.041146 0.044444
1 0.658594 0.612037 0.020313 0.044444
0 0.259635 0.10787 0.075521 0.067593
0 0.471615 0.795833 0.175521 0.178704
1 0.239062 0.258333 0.017708 0.068519
1 0.28099 0.244907 0.010937 0.067593
1 0.776823 0.626852 0.022396 0.068519
1 0.78724 0.690741 0.018229 0.090741
