0 0.654167 0.799537 0.15625 0.121296
0 0.08724 0.656019 0.151562 0.117593
0 0.454687 0.346759 0.082292 0.073148
0 0.396875 0.773148 0.146875 0.12963
0 0.411719 0.266667 0.070312 0.066667
0 0.484115 0.232407 0.055729 0.059259
0 0.036719 0.443056 0.073438 0.084259
1 0.29974 0.794444 0.020313 0.109259
0 0.529167 0.239352 0.072917 0.073148
0 0.260937 0.108333 0.073958 0.062963
1 0.076042 0.290741 0.011458 0.051852
0 0.552865 0.19213 0.036979 0.032407
1 0.239323 0.255556 0.013021 0.062963
1 0.339062 0.836111 0.026042 0.105556
1 0.367188 0.224074 0.010417 0.046296
1 0.319792 0.230556 0.013542 0.059259
1 0.280469 0.246296 0.016146 0.064815
