0 0.104688 0.552778 0.109375 0.098148
0 0.481771 0.703241 0.135417 0.125
0 0.667188 0.78287 0.153125 0.136111
0 0.347917 0.205093 0.060417 0.056481
0 0.266667 0.607407 0.125 0.114815
0 0.43724 0.157407 0.051562 0.053704
0 0.945833 0.86713 0.107292 0.234259
1 0.344271 0.109259 0.009375 0.035185
1 0.301563 0.614352 0.022917 0.099074
0 0.201823 0.075926 0.065104 0.051852
0 0.339844 0.470833 0.177604 0.186111
0 0.34349 0.443981 0.076563 0.136111
0 0.154948 0.811111 0.146354 0.155556
1 0.569792 0.510185 0.020833 0.062963
1 0.05599 0.227315 0.014063 0.047222
1 0.214583 0.202315 0.013542 0.052778
