0 0.233073 0.689352 0.150521 0.123148
0 0.059115 0.644444 0.117188 0.109259
0 0.290365 0.628704 0.132812 0.109259
0 0.486719 0.230556 0.059896 0.055556
0 0.411719 0.266667 0.071354 0.066667
1 0.791667 0.624537 0.013542 0.056481
0 0.552865 0.203241 0.041146 0.039815
1 0.776563 0.631944 0.022917 0.082407
0 0.261458 0.103241 0.075 0.067593
0 0.482812 0.802315 0.180208 0.175
0 0.888542 0.972222 0.170833 0.053704
1 0.23724 0.254167 0.013021 0.060185
1 0.288542 0.256019 0.014583 0.062037
1 0.679167 0.640741 0.026042 0.085185
