0 0.158073 0.896759 0.136979 0.136111
0 0.052865 0.648611 0.104688 0.084259
0 0.585938 0.82037 0.116667 0.090741
0 0.423958 0.773148 0.11875 0.094444
0 0.110417 0.779167 0.129167 0.112037
0 0.230208 0.69537 0.111458 0.096296
0 0.783073 0.906481 0.133854 0.124074
0 0.245573 0.325926 0.047396 0.048148
0 0.109115 0.240278 0.057812 0.04537
0 0.798958 0.72963 0.401042 0.274074
1 0.277865 0.269907 0.013021 0.034259
1 0.48099 0.568519 0.016146 0.053704
1 0.164062 0.316667 0.010417 0.033333
1 0.08099 0.32037 0.013021 0.037037
