0 0.654167 0.798148 0.155208 0.125926
0 0.411198 0.266204 0.072396 0.067593
1 0.578646 0.539815 0.017708 0.075926
1 0.559115 0.52963 0.015104 0.077778
0 0.484115 0.231481 0.054688 0.057407
0 0.664062 0.727315 0.128125 0.134259
0 0.529687 0.238426 0.072917 0.073148
1 0.505469 0.291204 0.011979 0.04537
0 0.264323 0.106481 0.074479 0.057407
0 0.554167 0.188426 0.036458 0.030556
1 0.23724 0.255556 0.014063 0.055556
1 0.257292 0.269444 0.014583 0.061111
1 0.279687 0.239352 0.014583 0.056481
1 0.31901 0.225463 0.016146 0.049074
