0 0.421615 0.655556 0.124479 0.101852
0 0.725521 0.834722 0.142708 0.125
0 0.520312 0.756019 0.126042 0.10463
0 0.357812 0.711574 0.107292 0.089815
0 0.889844 0.890741 0.160938 0.12037
0 0.207812 0.243056 0.058333 0.052778
0 0.465365 0.611574 0.114062 0.080556
0 0.869792 0.734722 0.079167 0.112037
1 0.427865 0.502315 0.016146 0.052778
0 0.063542 0.130093 0.066667 0.050926
0 0.296615 0.193056 0.039062 0.047222
0 0.700521 0.682407 0.291667 0.257407
1 0.458594 0.488889 0.015104 0.057407
1 0.267969 0.136574 0.013021 0.043519
1 0.18776 0.165741 0.011979 0.046296
1 0.196875 0.167593 0.009375 0.033333
1 0.022396 0.225463 0.014583 0.043519
