0 0.200521 0.66713 0.132292 0.113889
0 0.059115 0.423148 0.117188 0.074074
0 0.38724 0.398611 0.089063 0.067593
0 0.415365 0.293056 0.067187 0.075
1 0.397917 0.57037 0.019792 0.061111
1 0.444792 0.581944 0.016667 0.056481
1 0.184115 0.272685 0.015104 0.056481
1 0.297917 0.276852 0.014583 0.048148
0 0.292708 0.155556 0.066667 0.053704
0 0.494792 0.22963 0.078125 0.103704
1 0.924219 0.646296 0.024479 0.07963
1 0.135417 0.543519 0.020833 0.057407
1 0.229948 0.310185 0.013021 0.057407
1 0.256771 0.294444 0.014583 0.055556
1 0.28724 0.294444 0.010937 0.057407
1 0.008333 0.54213 0.015625 0.058333
