0 0.096615 0.519907 0.129688 0.102778
0 0.638542 0.805556 0.136458 0.109259
0 0.913542 0.920833 0.171875 0.147222
0 0.609115 0.894907 0.192188 0.175
0 0.25599 0.325926 0.089063 0.074074
0 0.455469 0.363426 0.092188 0.080556
1 0.429167 0.487963 0.026042 0.074074
0 0.252083 0.093519 0.0875 0.068519
1 0.502865 0.425 0.017188 0.068519
0 0.553385 0.187963 0.043229 0.068519
0 0.620313 0.244907 0.058333 0.058333
0 0.625 0.29537 0.059375 0.075926
0 0.820312 0.71713 0.358333 0.306481
1 0.292187 0.232407 0.017708 0.055556
1 0.34401 0.231944 0.015104 0.050926
1 0.364063 0.2 0.013542 0.05
