0 0.722917 0.880556 0.105208 0.1
0 0.190365 0.730093 0.094271 0.078704
0 0.40599 0.742593 0.098437 0.085185
0 0.615885 0.9 0.115104 0.090741
0 0.38724 0.80787 0.104688 0.086111
0 0.009115 0.693056 0.017188 0.065741
0 0.21276 0.334722 0.050521 0.043519
1 0.485937 0.65 0.014583 0.05
1 0.054688 0.606019 0.01875 0.049074
1 0.373958 0.668981 0.021875 0.049074
1 0.42474 0.653704 0.015104 0.046296
1 0.44349 0.674537 0.017188 0.043519
1 0.114323 0.465278 0.013021 0.047222
1 0.14974 0.456019 0.011979 0.039815
1 0.182292 0.439815 0.010417 0.040741
1 0.208594 0.441667 0.015104 0.046296
1 0.234896 0.429167 0.014583 0.039815
1 0.321615 0.388426 0.009896 0.043519
