0 0.154688 0.660648 0.155208 0.130556
0 0.125521 0.85463 0.157292 0.188889
0 0.390365 0.759722 0.163021 0.149074
0 0.364063 0.291204 0.070833 0.073148
1 0.673438 0.572222 0.019792 0.075926
1 0.638542 0.468519 0.016667 0.072222
1 0.552865 0.518981 0.017188 0.076852
1 0.267969 0.250463 0.017188 0.065741
1 0.059896 0.283796 0.014583 0.065741
1 0.171615 0.271296 0.017188 0.053704
0 0.508594 0.198611 0.130729 0.130556
0 0.26224 0.106481 0.072396 0.057407
1 0.06901 0.277778 0.007812 0.038889
1 0.204948 0.278704 0.011979 0.048148
1 0.323437 0.229167 0.013542 0.043519
