0 0.616667 0.9 0.173958 0.157407
0 0.141146 0.674074 0.172917 0.144444
0 0.396615 0.78287 0.168229 0.134259
0 0.396615 0.256944 0.080729 0.082407
1 0.98099 0.718981 0.020313 0.080556
0 0.909115 0.981019 0.148438 0.032407
1 0.841667 0.715278 0.022917 0.087963
1 0.857292 0.699074 0.014583 0.053704
1 0.628646 0.491667 0.011458 0.035185
1 0.726823 0.649537 0.024479 0.084259
0 0.251042 0.090278 0.080208 0.063889
0 0.489844 0.183333 0.093229 0.131481
0 0.572917 0.180556 0.033333 0.044444
1 0.174219 0.276389 0.020313 0.073148
1 0.203646 0.266204 0.020833 0.056481
1 0.835417 0.631944 0.017708 0.058333
1 0.904687 0.698611 0.029167 0.075
