0 0.40599 0.743056 0.098437 0.087963
0 0.257292 0.756019 0.098958 0.089815
0 0.56901 0.817593 0.098437 0.083333
0 0.835417 0.927778 0.123958 0.105556
0 0.019271 0.708796 0.0375 0.091667
0 0.728125 0.950463 0.13125 0.09537
1 0.367969 0.606481 0.013021 0.046296
1 0.46849 0.976389 0.015104 0.043519
0 0.214062 0.336574 0.051042 0.043519
1 0.377344 0.643519 0.014063 0.046296
1 0.291667 0.643981 0.017708 0.047222
1 0.059896 0.4875 0.007292 0.04537
1 0.152865 0.456481 0.010937 0.044444
1 0.18151 0.440278 0.011979 0.039815
1 0.20651 0.430556 0.015104 0.037037
1 0.239062 0.424537 0.014583 0.036111
1 0.366667 0.385648 0.010417 0.037963
