0 0.421615 0.655093 0.124479 0.100926
0 0.030469 0.375926 0.059896 0.074074
0 0.358594 0.710185 0.106771 0.092593
0 0.727344 0.838426 0.145313 0.130556
0 0.520312 0.753241 0.127083 0.108333
0 0.209115 0.242593 0.056771 0.051852
0 0.889583 0.889352 0.159375 0.123148
0 0.465365 0.612037 0.116146 0.07963
0 0.869792 0.736574 0.079167 0.115741
1 0.460417 0.485185 0.013542 0.05
0 0.065365 0.128241 0.067187 0.04537
0 0.697917 0.6875 0.289583 0.256481
1 0.442188 0.503241 0.013542 0.056481
1 0.214583 0.156019 0.013542 0.037963
1 0.116146 0.191204 0.015625 0.047222
1 0.261719 0.137037 0.007812 0.031481
