0 0.577344 0.865741 0.160938 0.15
0 0.647396 0.726852 0.146875 0.122222
1 0.379167 0.346296 0.011458 0.057407
1 0.426563 0.340741 0.015625 0.059259
0 0.839062 0.953241 0.1875 0.089815
1 0.828646 0.693519 0.026042 0.088889
0 0.015365 0.49213 0.030729 0.073148
0 0.261719 0.109259 0.073438 0.064815
0 0.129688 0.425926 0.255208 0.238889
0 0.24349 0.287037 0.114062 0.098148
0 0.276562 0.868519 0.222917 0.211111
1 0.689063 0.647222 0.032292 0.085185
1 0.760417 0.665741 0.019792 0.083333
1 0.924219 0.740278 0.023438 0.058333
