0 0.264062 0.239815 0.101042 0.1
1 0.522396 0.642593 0.021875 0.112963
0 0.610938 0.933333 0.232292 0.124074
0 0.76224 0.821759 0.171354 0.165741
0 0.97474 0.925926 0.049479 0.081481
0 0.616667 0.811574 0.208333 0.184259
0 0.467187 0.151389 0.082292 0.076852
1 0.654687 0.620833 0.029167 0.078704
1 0.03099 0.209259 0.026562 0.053704
0 0.960938 0.979167 0.075 0.039815
1 0.348438 0.301389 0.025 0.069444
1 0.482292 0.235185 0.009375 0.044444
0 0.177865 0.01713 0.095312 0.030556
0 0.630469 0.205556 0.054688 0.088889
1 0.223437 0.168519 0.016667 0.064815
1 0.40651 0.090278 0.016146 0.05463
1 0.435937 0.087037 0.014583 0.044444
1 0.49401 0.071759 0.013021 0.060185
