0 0.654167 0.798611 0.15625 0.125
0 0.458594 0.401852 0.081771 0.081481
0 0.117969 0.519444 0.126562 0.101852
0 0.37474 0.391204 0.082812 0.080556
0 0.376823 0.281019 0.074479 0.080556
0 0.665625 0.728241 0.13125 0.136111
0 0.232813 0.330556 0.102083 0.101852
1 0.430469 0.490278 0.018229 0.067593
0 0.544792 0.207407 0.057292 0.055556
0 0.253646 0.374074 0.10625 0.109259
0 0.565365 0.299537 0.081771 0.073148
1 0.616146 0.37963 0.014583 0.055556
0 0.26224 0.109259 0.073438 0.061111
1 0.157292 0.810185 0.028125 0.088889
