0 0.207292 0.528704 0.082292 0.066667
0 0.960417 0.843519 0.077083 0.092593
0 0.723437 0.753704 0.095833 0.081481
0 0.29974 0.356481 0.039062 0.038889
0 0.529167 0.748611 0.1 0.080556
0 0.351562 0.67963 0.089583 0.074074
0 0.19349 0.284722 0.040104 0.037963
0 0.038021 0.448611 0.070833 0.080556
0 0.039062 0.504167 0.071875 0.082407
0 0.05625 0.632407 0.103125 0.083333
0 0.10599 0.73287 0.196354 0.191667
0 0.146094 0.613426 0.091146 0.062037
0 0.385417 0.62037 0.151042 0.124074
0 0.524219 0.6 0.213021 0.17963
