0 0.616667 0.900463 0.173958 0.156481
0 0.141667 0.674074 0.172917 0.142593
0 0.397135 0.782407 0.169271 0.135185
0 0.397396 0.258333 0.080208 0.077778
1 0.976042 0.722685 0.028125 0.069444
1 0.841667 0.713889 0.022917 0.087037
0 0.303385 0.943519 0.146354 0.107407
1 0.726562 0.646296 0.025 0.07963
0 0.56901 0.181481 0.017188 0.025926
1 0.857292 0.698611 0.014583 0.052778
1 0.907813 0.689815 0.026042 0.072222
0 0.251042 0.091667 0.080208 0.064815
0 0.490365 0.181019 0.094271 0.119444
1 0.174219 0.273148 0.013021 0.061111
1 0.204167 0.268981 0.01875 0.056481
1 0.839844 0.63287 0.022396 0.060185
