0 0.535937 0.851852 0.145833 0.135185
0 0.160938 0.693519 0.144792 0.127778
0 0.715365 0.941667 0.150521 0.112963
0 0.317969 0.75787 0.126562 0.113889
1 0.189844 0.339352 0.011979 0.050926
0 0.66849 0.923611 0.066146 0.078704
0 0.294792 0.32037 0.0625 0.074074
0 0.2375 0.183796 0.06875 0.05463
0 0.390365 0.286574 0.132812 0.152778
0 0.207812 0.955093 0.161458 0.087963
0 0.499219 0.958796 0.148438 0.080556
0 0.492969 0.265278 0.043229 0.049074
0 0.84401 0.775 0.310937 0.314815
1 0.013542 0.34537 0.017708 0.051852
1 0.197917 0.325463 0.014583 0.056481
