0 0.689063 0.928241 0.175 0.139815
0 0.196615 0.685185 0.145313 0.131481
0 0.079948 0.531481 0.121354 0.111111
0 0.430208 0.782407 0.153125 0.137037
0 0.279167 0.545833 0.129167 0.113889
0 0.742969 0.844907 0.175521 0.136111
0 0.416667 0.265741 0.069792 0.07037
1 0.664844 0.633796 0.019271 0.084259
1 0.61849 0.580556 0.021354 0.059259
1 0.496615 0.166204 0.010937 0.052778
0 0.26224 0.107407 0.074479 0.064815
1 0.150521 0.357407 0.020833 0.057407
1 0.215885 0.268056 0.015104 0.067593
1 0.276042 0.247222 0.017708 0.059259
1 0.315625 0.226389 0.009375 0.049074
