0 0.521094 0.806944 0.155729 0.150926
0 0.246615 0.430556 0.120313 0.094444
0 0.70599 0.810185 0.157812 0.138889
0 0.421094 0.258796 0.067187 0.067593
0 0.50599 0.220833 0.070312 0.069444
1 0.53125 0.549074 0.015625 0.07037
0 0.731771 0.75787 0.157292 0.110185
1 0.647135 0.968519 0.028646 0.061111
1 0.139844 0.264815 0.016146 0.055556
1 0.329167 0.231481 0.014583 0.040741
0 0.2625 0.107407 0.075 0.061111
0 0.484115 0.3375 0.114062 0.115741
0 0.573698 0.193519 0.022396 0.025926
1 0.623437 0.318519 0.014583 0.048148
