0 0.530469 0.894907 0.135937 0.110185
0 0.744792 0.9625 0.145833 0.071296
0 0.199219 0.47037 0.066146 0.062963
0 0.314063 0.447685 0.063542 0.063889
1 0.429948 0.681019 0.015104 0.062037
1 0.319271 0.718519 0.013542 0.064815
1 0.334896 0.718981 0.015625 0.069444
1 0.491667 0.537037 0.016667 0.055556
0 0.905208 0.965741 0.10625 0.066667
0 0.192188 0.322685 0.065625 0.05463
0 0.151823 0.590278 0.133854 0.162037
0 0.436198 0.515741 0.063021 0.059259
0 0.705469 0.877315 0.151562 0.128704
0 0.948437 0.968056 0.102083 0.062037
