0 0.457292 0.406019 0.101042 0.086111
0 0.514844 0.941667 0.182812 0.114815
0 0.526823 0.261111 0.090104 0.116667
0 0.409896 0.300926 0.089583 0.098148
0 0.015365 0.926389 0.026562 0.14537
0 0.613542 0.22037 0.058333 0.074074
1 0.029167 0.634722 0.023958 0.075
1 0.16875 0.658796 0.025 0.076852
1 0.202344 0.553704 0.032813 0.088889
1 0.251563 0.503704 0.030208 0.077778
1 0.476562 0.581481 0.026042 0.072222
1 0.26224 0.29213 0.020313 0.082407
1 0.310417 0.268056 0.017708 0.062037
1 0.16901 0.320833 0.018229 0.069444
