0 0.640365 0.653241 0.171354 0.112037
0 0.878385 0.666667 0.154688 0.12037
0 0.123958 0.052778 0.073958 0.07963
0 0.370312 0.670833 0.140625 0.112037
0 0.015885 0.081019 0.031771 0.05463
0 0.916667 0.875 0.165625 0.155556
0 0.627083 0.574537 0.134375 0.082407
0 0.372917 0.566667 0.138542 0.103704
0 0.441667 0.525 0.128125 0.107407
0 0.673698 0.766667 0.184896 0.144444
0 0.934896 0.765741 0.128125 0.1
0 0.205469 0.025 0.063021 0.046296
1 0.382292 0.403704 0.019792 0.083333
1 0.560417 0.446759 0.022917 0.089815
1 0.369271 0.356019 0.021875 0.078704
1 0.421615 0.393056 0.024479 0.071296
1 0.442188 0.42963 0.020833 0.072222
