0 0.120573 0.577778 0.140104 0.112963
0 0.510417 0.755556 0.140625 0.125926
0 0.75651 0.674074 0.151562 0.131481
0 0.332813 0.661574 0.178125 0.143519
0 0.977865 0.831019 0.042188 0.226852
0 0.384635 0.169907 0.066146 0.065741
0 0.251563 0.438889 0.166667 0.185185
0 0.265885 0.911111 0.175521 0.175926
0 0.457292 0.140741 0.061458 0.059259
1 0.629167 0.531944 0.021875 0.082407
1 0.679167 0.556019 0.017708 0.067593
1 0.721094 0.534722 0.020313 0.073148
1 0.896615 0.618981 0.020313 0.063889
1 0.757292 0.575 0.022917 0.057407
