0 0.435289 0.360558 0.323408 0.156375
0 0.536999 0.743526 0.128243 0.202191
0 0.745578 0.74751 0.158608 0.198207
0 0.34434 0.676295 0.139151 0.22012
0 0.069133 0.6001 0.135908 0.187251
0 0.543042 0.926544 0.183373 0.145916
0 0.228921 0.863048 0.328715 0.272908
1 0.853774 0.903635 0.048349 0.165837
0 0.143131 0.237052 0.045106 0.041833
0 0.439711 0.215886 0.018573 0.028386
0 0.411262 0.210657 0.017689 0.0249
0 0.431309 0.198456 0.016509 0.019422
0 0.469929 0.229333 0.024764 0.038347
0 0.435879 0.226096 0.020932 0.034861
0 0.407134 0.22012 0.019458 0.026892
0 0.464917 0.24253 0.024764 0.031873
0 0.424971 0.236803 0.02388 0.038347
0 0.40168 0.229084 0.016804 0.027888
0 0.390035 0.23506 0.028892 0.041833
1 0.311616 0.245269 0.008844 0.039343
1 0.299971 0.245518 0.00796 0.037849
1 0.275943 0.239542 0.012382 0.037849
1 0.227152 0.216633 0.00737 0.027888
1 0.217866 0.20742 0.005307 0.029382
1 0.223762 0.203436 0.004127 0.028386
1 0.244251 0.204432 0.006781 0.032371
1 0.250442 0.207171 0.004422 0.026892
0 0.301739 0.170817 0.017983 0.005976
0 0.288325 0.179532 0.022406 0.014442
0 0.307341 0.179283 0.031545 0.008964
0 0.304982 0.190239 0.040979 0.020916
1 0.352152 0.200946 0.003833 0.01743
1 0.357017 0.196215 0.004717 0.017928
1 0.367482 0.181275 0.002653 0.011952
1 0.354805 0.183765 0.005012 0.016932
0 0.105985 0.210906 0.047465 0.029382
0 0.041863 0.201195 0.035377 0.027888
1 0.12161 0.194472 0.00796 0.023406
0 0.090212 0.188745 0.041274 0.028884
0 0.055277 0.181524 0.033314 0.021414
0 0.083579 0.171066 0.029186 0.018426
1 0.105542 0.166584 0.007665 0.020418
0 0.158019 0.175797 0.032429 0.023904
0 0.225678 0.172311 0.025059 0.012948
0 0.240713 0.169821 0.018573 0.016932
0 0.202241 0.168576 0.017099 0.019422
0 0.186173 0.16758 0.015625 0.020418
0 0.217718 0.167331 0.009139 0.01494
0 0.171875 0.169572 0.013561 0.02241
0 0.127211 0.172062 0.017983 0.018426
0 0.117925 0.174303 0.026533 0.016932
