0 0.089475 0.868526 0.17895 0.261952
1 0.949587 0.459163 0.023585 0.091633
0 0.05911 0.566733 0.118219 0.363546
1 0.050708 0.283118 0.011792 0.059263
0 0.103626 0.301295 0.096993 0.058765
0 0.044959 0.221614 0.047465 0.032869
0 0.0824 0.213396 0.048644 0.032371
0 0.263119 0.304283 0.096403 0.154382
1 0.267394 0.206922 0.006486 0.028386
0 0.380896 0.336653 0.054835 0.077689
0 0.402712 0.271912 0.038915 0.053785
0 0.361733 0.232321 0.03184 0.043327
0 0.352594 0.193476 0.025943 0.044323
0 0.469487 0.239791 0.038031 0.055279
0 0.419811 0.219871 0.028892 0.038347
0 0.393426 0.193725 0.02329 0.031873
0 0.381338 0.168078 0.019752 0.024402
1 0.283166 0.166833 0.042748 0.027888
0 0.312205 0.154631 0.033019 0.026394
1 0.333579 0.161604 0.006781 0.019422
0 0.440301 0.163845 0.019163 0.026892
0 0.418485 0.150398 0.021521 0.023904
0 0.405366 0.146663 0.016509 0.023406
0 0.431751 0.140936 0.013856 0.01992
0 0.417305 0.13247 0.012087 0.012948
0 0.353331 0.126494 0.015035 0.015936
0 0.443986 0.130727 0.011792 0.015438
0 0.418337 0.126992 0.011203 0.008964
0 0.41819 0.121016 0.010318 0.008964
0 0.821344 0.336155 0.119104 0.072709
0 0.613945 0.292331 0.079304 0.069721
1 0.566333 0.202938 0.009434 0.024402
0 0.664505 0.161604 0.013561 0.02739
0 0.654776 0.159861 0.009434 0.020916
0 0.662441 0.149402 0.024175 0.015936
0 0.641952 0.150896 0.005601 0.00996
0 0.559699 0.168078 0.030955 0.061255
0 0.502358 0.149651 0.01533 0.019422
0 0.448555 0.108317 0.005601 0.009462
0 0.437205 0.117281 0.011792 0.02241
