0 0.984375 0.287102 0.03066 0.048307
0 0.904923 0.251743 0.079304 0.062251
1 0.897258 0.279133 0.014446 0.061255
0 0.846551 0.237799 0.064564 0.051295
0 0.814564 0.231076 0.048349 0.045817
0 0.782871 0.222112 0.042748 0.043825
1 0.783314 0.225349 0.012382 0.048307
1 0.768868 0.227839 0.018278 0.050299
1 0.791421 0.242779 0.010908 0.039343
0 0.762382 0.218875 0.049528 0.043327
0 0.739682 0.211404 0.056014 0.043327
0 0.711527 0.204681 0.051592 0.045817
1 0.588443 0.168078 0.008255 0.035359
1 0.604511 0.193227 0.006781 0.0249
1 0.608048 0.192729 0.00737 0.0249
1 0.648438 0.196464 0.00737 0.018426
0 0.495873 0.148157 0.027712 0.019422
0 0.505307 0.157122 0.04658 0.029382
1 0.533019 0.156873 0.006486 0.034861
0 0.528892 0.133715 0.018278 0.023406
0 0.480837 0.138944 0.025943 0.013944
0 0.470224 0.126743 0.022406 0.01245
0 0.449882 0.158118 0.021226 0.038347
0 0.433225 0.130727 0.015035 0.025398
0 0.43352 0.103586 0.011498 0.018924
0 0.423791 0.107819 0.011498 0.020418
0 0.41819 0.114791 0.013267 0.020418
0 0.413768 0.134462 0.016804 0.026892
0 0.418337 0.163098 0.021226 0.035359
0 0.369104 0.210657 0.035377 0.052789
0 0.371167 0.154631 0.045401 0.094124
0 0.151091 0.2876 0.124116 0.203685
0 0.367335 0.182271 0.028302 0.036853
0 0.365861 0.102839 0.027712 0.042331
0 0.396669 0.087898 0.012677 0.026394
0 0.392689 0.097112 0.010024 0.01494
0 0.406987 0.093625 0.009729 0.012948
0 0.413768 0.083416 0.00855 0.008466
0 0.41362 0.075697 0.007665 0.008964
0 0.356869 0.285359 0.051592 0.075697
0 0.244104 0.128237 0.037146 0.020418
0 0.236144 0.116534 0.036557 0.0249
1 0.255749 0.171813 0.00796 0.037849
1 0.250442 0.172809 0.009729 0.028884
1 0.215507 0.187749 0.008255 0.046813
1 0.209021 0.180279 0.008255 0.031873
1 0.194281 0.178536 0.008844 0.037351
1 0.186616 0.184761 0.017099 0.033865
1 0.200472 0.181275 0.008844 0.034861
1 0.122494 0.19995 0.012087 0.051295
0 0.093308 0.147161 0.048644 0.031375
1 0.012677 0.294323 0.017099 0.047809
1 0.013267 0.272659 0.016509 0.02739
1 0.028597 0.24004 0.012972 0.02988
0 0.024912 0.460657 0.049823 0.2749
0 0.452978 0.349353 0.071639 0.11504
