0 0.964478 0.265046 0.070557 0.131019
0 0.820557 0.255093 0.178223 0.103704
0 0.911987 0.234722 0.099854 0.114815
0 0.785156 0.23588 0.165039 0.133796
0 0.714722 0.23588 0.08374 0.098611
1 0.431152 0.220602 0.008789 0.039352
1 0.423828 0.223148 0.010742 0.036111
1 0.407715 0.169444 0.006836 0.023148
0 0.287598 0.167593 0.020508 0.02963
0 0.26709 0.186806 0.022949 0.034722
0 0.260376 0.218981 0.0354 0.055556
0 0.260376 0.146528 0.017334 0.022685
0 0.247803 0.158796 0.019043 0.036111
0 0.21875 0.163426 0.017578 0.034259
0 0.21875 0.121296 0.013184 0.022222
0 0.221924 0.134954 0.01416 0.021759
0 0.197876 0.12338 0.011963 0.018981
0 0.309326 0.133796 0.007324 0.02037
0 0.321411 0.132176 0.010986 0.023611
0 0.313232 0.133796 0.006836 0.02037
0 0.304565 0.128241 0.010986 0.022222
0 0.296875 0.123611 0.010742 0.019444
0 0.28894 0.121296 0.01001 0.018519
0 0.266602 0.109259 0.010254 0.017593
0 0.257202 0.106481 0.008057 0.014815
0 0.139893 0.148843 0.015625 0.023611
0 0.125122 0.130556 0.011963 0.016667
0 0.115356 0.119213 0.01001 0.016204
0 0.119751 0.147685 0.015869 0.021296
0 0.100098 0.122917 0.008789 0.013426
0 0.092773 0.13125 0.01709 0.021759
0 0.102905 0.1375 0.010498 0.017593
0 0.109863 0.140278 0.014648 0.024074
0 0.07251 0.156944 0.015137 0.028704
0 0.102173 0.182176 0.019775 0.031019
0 0.11792 0.211343 0.027832 0.050463
0 0.110352 0.240278 0.032715 0.044444
0 0.11438 0.271528 0.03833 0.059722
0 0.060059 0.262963 0.03418 0.057407
0 0.070312 0.234722 0.030273 0.046296
0 0.026489 0.184259 0.020264 0.02963
0 0.018066 0.155556 0.012207 0.019444
0 0.008057 0.162269 0.014648 0.022685
0 0.049072 0.131019 0.008789 0.013889
0 0.025635 0.124306 0.008301 0.009722
0 0.031982 0.124769 0.003418 0.010648
1 0.059326 0.128704 0.003906 0.016667
1 0.062378 0.130093 0.002686 0.013889
