0 0.687109 0.76875 0.138281 0.306944
0 0.492188 0.728472 0.135938 0.231944
0 0.313672 0.61875 0.103906 0.195833
0 0.099219 0.684028 0.171875 0.2375
0 0.313672 0.447222 0.089844 0.113889
0 0.193359 0.428472 0.085156 0.115278
1 0.025781 0.429167 0.04375 0.080556
0 0.033984 0.236111 0.044531 0.041667
1 0.162891 0.234722 0.011719 0.022222
1 0.192188 0.235417 0.0125 0.020833
1 0.142969 0.249306 0.010938 0.034722
1 0.391016 0.202778 0.008594 0.033333
0 0.526172 0.284028 0.080469 0.059722
0 0.484766 0.214583 0.024219 0.034722
0 0.495313 0.20625 0.020313 0.034722
0 0.551563 0.205556 0.025 0.027778
0 0.544141 0.190972 0.019531 0.023611
0 0.542969 0.163889 0.014063 0.025
0 0.562109 0.169444 0.014844 0.019444
0 0.694531 0.289583 0.085938 0.070833
0 0.771875 0.286806 0.075 0.051389
1 0.951172 0.409028 0.016406 0.051389
1 0.973047 0.379861 0.014844 0.048611
1 0.989063 0.401389 0.014063 0.058333
0 0.968359 0.29375 0.061719 0.0625
1 0.798047 0.24375 0.010156 0.023611
1 0.78125 0.241667 0.009375 0.036111
0 0.428125 0.375694 0.073438 0.115278
