0 0.879883 0.600911 0.239258 0.289062
0 0.613525 0.364909 0.11377 0.116536
1 0.921875 0.125 0.008789 0.022135
1 0.926514 0.124023 0.004395 0.016276
0 0.985596 0.139323 0.027832 0.046875
0 0.908203 0.174805 0.083984 0.05013
0 0.876953 0.163411 0.083008 0.059896
1 0.796875 0.147135 0.007812 0.029948
1 0.74585 0.163086 0.008301 0.027995
0 0.802246 0.196615 0.087891 0.061198
1 0.682373 0.179688 0.01123 0.040365
1 0.64624 0.18099 0.01123 0.032552
1 0.620117 0.193685 0.014648 0.037109
1 0.596436 0.180339 0.009277 0.022135
1 0.578125 0.21875 0.016602 0.045573
0 0.64502 0.250651 0.080078 0.084635
1 0.500977 0.222982 0.017578 0.04362
1 0.478271 0.210938 0.010254 0.019531
0 0.472412 0.246419 0.047363 0.055339
1 0.274414 0.170247 0.007812 0.01888
1 0.304443 0.244141 0.015137 0.028646
1 0.310303 0.238932 0.01416 0.032552
0 0.301758 0.235352 0.051758 0.042318
0 0.270508 0.227214 0.036133 0.036458
0 0.22998 0.244466 0.048828 0.042318
0 0.196045 0.234701 0.037598 0.037109
0 0.175781 0.223633 0.02832 0.031901
0 0.190674 0.202799 0.028809 0.026693
0 0.169434 0.213542 0.027344 0.027344
0 0.152344 0.209961 0.024414 0.029297
0 0.139893 0.205078 0.021973 0.026042
0 0.129639 0.202148 0.01709 0.021484
0 0.124512 0.202799 0.016602 0.022786
0 0.117676 0.201172 0.016602 0.020833
0 0.107422 0.194336 0.011719 0.01237
0 0.095703 0.192708 0.014648 0.014323
0 0.164062 0.252279 0.044922 0.044922
0 0.148193 0.241211 0.032715 0.038411
0 0.12915 0.234049 0.030762 0.037109
0 0.121094 0.225911 0.024414 0.03125
0 0.105469 0.220378 0.023438 0.027995
0 0.099365 0.214193 0.022949 0.028646
0 0.094971 0.209635 0.021973 0.02474
0 0.077148 0.204753 0.024414 0.021484
0 0.075195 0.189453 0.022461 0.014323
0 0.061523 0.198568 0.021484 0.016927
0 0.050293 0.189453 0.023438 0.015625
0 0.093506 0.267904 0.046387 0.044922
0 0.08667 0.250977 0.037598 0.029297
0 0.080811 0.243164 0.035645 0.034505
0 0.07251 0.234375 0.032715 0.033854
0 0.055908 0.229167 0.027832 0.029948
0 0.055176 0.214193 0.025391 0.016927
0 0.053711 0.208333 0.026367 0.019531
0 0.0354 0.206706 0.02002 0.021484
0 0.020752 0.203776 0.016113 0.020833
0 0.014648 0.199219 0.012695 0.018229
0 0.036133 0.191732 0.021484 0.008464
0 0.02002 0.19043 0.020508 0.011068
0 0.005859 0.19987 0.011719 0.020833
