1 0.543457 0.379232 0.012695 0.027995
1 0.495361 0.384115 0.015137 0.032552
0 0.478027 0.327474 0.021484 0.02474
0 0.485596 0.297526 0.009277 0.015625
0 0.44751 0.276042 0.005371 0.00651
0 0.433105 0.277344 0.008789 0.005208
0 0.425293 0.277344 0.005859 0.005208
0 0.415283 0.276693 0.005371 0.00651
0 0.410156 0.277344 0.005859 0.00651
0 0.389404 0.278646 0.012207 0.011719
0 0.367676 0.296549 0.014648 0.017578
0 0.351807 0.293294 0.01416 0.011068
0 0.364502 0.333008 0.021973 0.031901
0 0.352783 0.352865 0.031738 0.022135
0 0.352051 0.372396 0.036133 0.039062
0 0.306396 0.356771 0.031738 0.032552
0 0.298828 0.370443 0.036133 0.03776
0 0.271973 0.353841 0.026367 0.041016
0 0.236572 0.342448 0.028809 0.027344
0 0.243408 0.361328 0.046387 0.05599
1 0.303223 0.388346 0.015625 0.038411
1 0.236328 0.397135 0.012695 0.041667
1 0.227295 0.388346 0.015137 0.026693
0 0.186035 0.371745 0.049805 0.049479
0 0.157227 0.360352 0.041992 0.035807
1 0.129639 0.328125 0.008301 0.013021
1 0.107422 0.329753 0.007812 0.01237
1 0.07251 0.335286 0.005371 0.007812
1 0.05957 0.345378 0.013672 0.013672
1 0.056885 0.336589 0.009277 0.011719
1 0.033691 0.360677 0.012695 0.018229
1 0.018555 0.347982 0.011719 0.016276
1 0.378662 0.390299 0.015137 0.035807
0 0.314453 0.292318 0.014648 0.013021
0 0.299072 0.291992 0.012207 0.01237
