0 0.178345 0.629398 0.114502 0.163426
0 0.071899 0.871991 0.143311 0.255093
0 0.224365 0.443056 0.072754 0.122222
0 0.247314 0.354398 0.050293 0.081944
0 0.252686 0.303241 0.049805 0.078704
0 0.286133 0.279861 0.035156 0.056019
0 0.449463 0.179861 0.02002 0.031019
0 0.341431 0.156019 0.017822 0.022222
0 0.313354 0.168056 0.020264 0.030556
0 0.327026 0.226157 0.025635 0.04213
0 0.336914 0.214583 0.023926 0.0375
0 0.48291 0.159491 0.015625 0.025463
0 0.152466 0.248148 0.048584 0.040741
0 0.453125 0.135648 0.01709 0.033333
0 0.434692 0.147685 0.014893 0.022222
0 0.317627 0.238194 0.020508 0.050463
0 0.377563 0.128241 0.011963 0.016667
0 0.207031 0.193981 0.022949 0.02963
0 0.348511 0.202083 0.020752 0.038426
0 0.298706 0.252778 0.040283 0.062963
0 0.479492 0.143287 0.01416 0.019907
0 0.230591 0.184259 0.015869 0.022222
0 0.220215 0.190046 0.015625 0.023611
0 0.470337 0.125926 0.010986 0.015741
0 0.238892 0.178935 0.015381 0.021759
0 0.248291 0.175 0.013672 0.022222
0 0.405762 0.112731 0.007324 0.0125
1 0.90271 0.475694 0.015869 0.06713
0 0.25708 0.169676 0.013672 0.018981
0 0.473999 0.116204 0.009033 0.015741
0 0.437012 0.124769 0.010254 0.016204
0 0.26355 0.165509 0.013916 0.020833
1 0.887817 0.486806 0.018799 0.091204
0 0.298706 0.142824 0.013428 0.020833
1 0.752808 0.49537 0.027588 0.088889
1 0.782471 0.5125 0.023926 0.1
0 0.321777 0.132407 0.010254 0.016667
1 0.737915 0.583333 0.032471 0.118519
1 0.706543 0.557407 0.028809 0.133333
1 0.946045 0.480787 0.027344 0.071759
0 0.410889 0.108102 0.007324 0.011574
1 0.983643 0.601852 0.022461 0.086111
1 0.873413 0.584028 0.024658 0.089352
1 0.990356 0.475926 0.018799 0.062963
1 0.807251 0.563889 0.027588 0.108333
0 0.271362 0.161343 0.011963 0.018981
0 0.46167 0.117593 0.006836 0.014815
0 0.447266 0.1 0.006836 0.011111
0 0.413574 0.100463 0.007324 0.010185
0 0.292603 0.150694 0.011963 0.018056
0 0.291138 0.136343 0.011475 0.013426
0 0.897339 0.538657 0.026123 0.072685
1 0.018921 0.319676 0.010986 0.036574
1 0.987549 0.523611 0.015137 0.075
1 0.042969 0.322222 0.010742 0.043519
0 0.443359 0.113194 0.009277 0.013426
0 0.895508 0.583796 0.024902 0.080556
0 0.285034 0.154398 0.008545 0.018056
0 0.467407 0.105324 0.008545 0.01713
0 0.455688 0.115741 0.011475 0.013889
0 0.336792 0.12662 0.00708 0.011574
0 0.916626 0.550231 0.018799 0.088426
0 0.331665 0.129167 0.008057 0.012963
0 0.344971 0.121065 0.006348 0.011574
0 0.438599 0.118287 0.009033 0.013426
1 0.823975 0.529167 0.015625 0.062963
1 0.836792 0.537963 0.018311 0.099074
