0 0.401813 0.097168 0.008873 0.015625
0 0.414931 0.108154 0.021991 0.022949
0 0.398148 0.098633 0.016975 0.014648
0 0.455054 0.077881 0.01196 0.013184
0 0.437693 0.117432 0.020448 0.027832
0 0.394097 0.102783 0.018904 0.018066
0 0.385031 0.112061 0.01929 0.018066
0 0.351852 0.115967 0.018519 0.019043
1 0.226659 0.148682 0.008873 0.025879
1 0.332562 0.098145 0.005401 0.018555
1 0.325424 0.094971 0.005015 0.010254
0 0.376543 0.122559 0.020833 0.022461
0 0.407407 0.116943 0.020833 0.021973
0 0.398534 0.126221 0.027778 0.027832
0 0.429784 0.125488 0.026235 0.02832
0 0.362654 0.108887 0.01929 0.021484
0 0.343171 0.123047 0.021991 0.022461
0 0.332369 0.131104 0.028935 0.028809
0 0.360725 0.129639 0.027778 0.029785
0 0.04591 0.225098 0.084877 0.045898
0 0.265239 0.198486 0.086034 0.04248
0 0.173804 0.216309 0.07446 0.043945
0 0.480324 0.194824 0.085648 0.056641
0 0.456019 0.05957 0.005401 0.005859
0 0.459491 0.054688 0.006173 0.006836
0 0.445409 0.054199 0.005787 0.004883
0 0.442708 0.051514 0.005015 0.004395
0 0.486111 0.067139 0.011574 0.013184
0 0.50463 0.068604 0.012346 0.013184
0 0.552855 0.087158 0.018519 0.02002
0 0.501543 0.134766 0.037037 0.039062
0 0.5326 0.077393 0.015046 0.015137
0 0.513503 0.094482 0.01929 0.019043
1 0.653356 0.124268 0.008873 0.030762
1 0.673418 0.123535 0.006559 0.025391
1 0.678627 0.126465 0.010031 0.023438
0 0.743056 0.154541 0.079475 0.043457
0 0.747878 0.10083 0.051312 0.020996
0 0.728974 0.09082 0.02662 0.012695
0 0.717978 0.088135 0.022377 0.008301
0 0.751543 0.087402 0.016204 0.005859
0 0.824074 0.07959 0.017747 0.009766
0 0.837963 0.081299 0.030864 0.01123
0 0.822531 0.095459 0.029321 0.021973
0 0.829282 0.098389 0.02662 0.02002
0 0.842978 0.099365 0.035494 0.020996
0 0.86304 0.102295 0.029321 0.022949
0 0.880401 0.087402 0.030864 0.010742
0 0.884838 0.103516 0.032793 0.024414
0 0.917438 0.091064 0.033179 0.01123
0 0.903935 0.104248 0.036265 0.019043
0 0.898148 0.116211 0.030864 0.023438
0 0.935957 0.113037 0.046296 0.033691
0 0.956019 0.099121 0.027006 0.020508
0 0.96142 0.121582 0.040123 0.026367
0 0.991705 0.12085 0.015818 0.035645
0 0.984182 0.160156 0.030864 0.025391
0 0.928819 0.178467 0.095293 0.034668
0 0.601273 0.82373 0.21875 0.351562
0 0.864969 0.813477 0.26466 0.341797
0 0.972029 0.679688 0.05517 0.152344
1 0.215278 0.148193 0.006173 0.032715
1 0.241705 0.143799 0.008873 0.031738
1 0.276235 0.112061 0.006944 0.015137
0 0.247492 0.114258 0.035108 0.019531
1 0.577546 0.072998 0.00463 0.018066
1 0.557485 0.06665 0.003858 0.010254
0 0.871914 0.108643 0.041667 0.025879
0 0.371721 0.094971 0.02662 0.029785
0 0.387539 0.093506 0.005787 0.01123
0 0.405093 0.095215 0.008488 0.009766
0 0.410108 0.091309 0.012346 0.009766
0 0.412616 0.089111 0.009645 0.012207
0 0.416088 0.087158 0.01196 0.01416
0 0.418981 0.083496 0.013117 0.013672
0 0.42284 0.102051 0.016204 0.017578
0 0.429398 0.096924 0.01466 0.015137
0 0.44483 0.111572 0.018519 0.021973
0 0.445023 0.102539 0.017361 0.016602
0 0.446566 0.093018 0.009645 0.008301
0 0.4375 0.083252 0.013117 0.015137
0 0.431906 0.092773 0.013503 0.013672
0 0.434992 0.089111 0.012731 0.012207
0 0.436535 0.08667 0.012731 0.012207
0 0.390239 0.089844 0.009645 0.008789
0 0.396219 0.085938 0.01466 0.010742
0 0.399306 0.080811 0.010031 0.010254
0 0.37963 0.078125 0.010031 0.012695
0 0.386574 0.071533 0.010031 0.01123
0 0.401235 0.075928 0.009259 0.012207
0 0.394097 0.070312 0.006559 0.003906
0 0.396798 0.067627 0.009645 0.005371
0 0.394097 0.064697 0.00733 0.005371
0 0.426698 0.063477 0.006944 0.008789
0 0.405671 0.071289 0.006559 0.012695
0 0.400656 0.061523 0.005787 0.007812
0 0.391204 0.0625 0.006944 0.005859
0 0.408951 0.058838 0.010031 0.013184
0 0.417245 0.074707 0.018904 0.025391
1 0.791667 0.133545 0.010802 0.029785
1 0.759066 0.126953 0.010417 0.016602
1 0.748457 0.122803 0.009259 0.019043
1 0.733989 0.123047 0.009645 0.018555
1 0.715856 0.120117 0.006559 0.021484
1 0.710262 0.122314 0.007716 0.021973
1 0.68885 0.119141 0.008102 0.017578
1 0.696759 0.105713 0.007716 0.028809
1 0.160687 0.145996 0.01196 0.021484
1 0.176312 0.148682 0.010031 0.023926
1 0.184414 0.146484 0.010802 0.022461
1 0.214313 0.131104 0.008102 0.019043
1 0.233603 0.128174 0.006559 0.016113
1 0.239969 0.127441 0.005401 0.012695
1 0.245949 0.130859 0.00733 0.020508
1 0.218171 0.123535 0.006559 0.016602
1 0.222801 0.123047 0.00733 0.020508
1 0.344715 0.08667 0.005787 0.010254
1 0.352238 0.084473 0.006173 0.015625
0 0.341242 0.070068 0.01659 0.009277
