0 0.698438 0.055417 0.005625 0.0075
0 0.696562 0.058333 0.004375 0.005
0 0.694688 0.057083 0.005625 0.0075
0 0.689688 0.059583 0.004375 0.005833
0 0.693125 0.059583 0.00375 0.009167
0 0.6875 0.062083 0.0025 0.0075
0 0.674375 0.1125 0.0125 0.015
0 0.712812 0.0575 0.005625 0.005
0 0.715938 0.061667 0.003125 0.003333
0 0.715625 0.064583 0.005 0.004167
0 0.714063 0.068333 0.005625 0.006667
0 0.710313 0.06125 0.005625 0.005833
0 0.708125 0.064167 0.0075 0.006667
0 0.700937 0.061667 0.003125 0.005
0 0.704063 0.064583 0.005625 0.005833
0 0.69875 0.0675 0.005 0.006667
0 0.706562 0.07 0.006875 0.008333
0 0.713125 0.074167 0.00625 0.006667
0 0.703438 0.075 0.010625 0.008333
0 0.700313 0.082083 0.010625 0.010833
0 0.711562 0.08125 0.005625 0.0075
0 0.711875 0.085833 0.00875 0.008333
0 0.70875 0.094167 0.01625 0.01
0 0.704688 0.100833 0.010625 0.01
0 0.712812 0.108333 0.013125 0.016667
0 0.696562 0.115 0.013125 0.02
0 0.683438 0.120417 0.015625 0.020833
0 0.655625 0.133333 0.0175 0.023333
0 0.6625 0.119583 0.015 0.024167
0 0.694688 0.071667 0.006875 0.005
0 0.6925 0.075417 0.00625 0.005833
0 0.69 0.080417 0.00625 0.009167
0 0.684688 0.085833 0.008125 0.01
0 0.695312 0.090417 0.008125 0.010833
0 0.681562 0.09625 0.006875 0.014167
0 0.690625 0.100417 0.01 0.015833
0 0.676875 0.070833 0.0075 0.008333
0 0.6775 0.075833 0.01125 0.006667
0 0.673125 0.08125 0.00625 0.0075
0 0.663438 0.085833 0.009375 0.013333
0 0.65375 0.085417 0.01125 0.010833
0 0.652188 0.09625 0.009375 0.010833
0 0.64625 0.10375 0.0125 0.014167
0 0.64375 0.093333 0.00875 0.01
0 0.641875 0.086667 0.00875 0.01
0 0.633437 0.082083 0.018125 0.0225
0 0.629375 0.100417 0.01375 0.014167
0 0.6175 0.107083 0.015 0.015833
0 0.597812 0.108333 0.014375 0.018333
0 0.613437 0.12125 0.018125 0.020833
0 0.585 0.139167 0.02625 0.028333
0 0.550937 0.142917 0.024375 0.025833
0 0.545 0.164167 0.0275 0.03
0 0.488438 0.14 0.020625 0.026667
0 0.502812 0.175 0.033125 0.036667
0 0.461562 0.200417 0.039375 0.044167
0 0.569375 0.1775 0.025 0.035
0 0.55625 0.187083 0.02875 0.035833
0 0.543125 0.20125 0.03375 0.045833
0 0.511875 0.216667 0.04125 0.045
0 0.499375 0.2475 0.04875 0.058333
1 0.35375 0.210833 0.00875 0.03
1 0.34625 0.206667 0.01375 0.021667
1 0.323437 0.220833 0.013125 0.043333
1 0.314375 0.225417 0.015 0.050833
1 0.30375 0.223333 0.015 0.046667
1 0.294687 0.22625 0.013125 0.0475
1 0.2475 0.240833 0.0125 0.048333
1 0.235625 0.225 0.00875 0.045
1 0.229688 0.219583 0.013125 0.055833
1 0.223125 0.226667 0.01 0.043333
1 0.215625 0.2275 0.01375 0.048333
1 0.202813 0.218333 0.008125 0.036667
1 0.192812 0.220833 0.006875 0.023333
1 0.184375 0.2175 0.0075 0.023333
1 0.111875 0.27625 0.01625 0.0275
0 0.119688 0.271667 0.095625 0.055
0 0.054688 0.884167 0.108125 0.22
0 0.217812 0.6375 0.181875 0.195
0 0.337813 0.493333 0.103125 0.143333
0 0.396562 0.393333 0.096875 0.115
0 0.60375 0.355417 0.07 0.109167
0 0.706562 0.303333 0.056875 0.105
0 0.639375 0.250833 0.04375 0.075
0 0.667188 0.2125 0.036875 0.061667
0 0.939375 0.967083 0.12 0.064167
0 0.903438 0.61875 0.144375 0.1925
0 0.984688 0.397083 0.029375 0.0975
1 0.91875 0.242083 0.025 0.0225
1 0.823438 0.213333 0.021875 0.021667
1 0.842812 0.159167 0.010625 0.036667
1 0.891875 0.2375 0.02125 0.063333
0 0.640938 0.15375 0.024375 0.034167
1 0.755313 0.13375 0.011875 0.030833
