0 0.682488 0.858815 0.204599 0.281375
1 0.828125 0.508964 0.035377 0.126494
1 0.888119 0.241036 0.013856 0.075697
0 0.991893 0.192231 0.015625 0.099602
0 0.796285 0.235558 0.125 0.075697
0 0.90286 0.191982 0.010908 0.030378
0 0.617335 0.491534 0.117335 0.23506
1 0.053656 0.403386 0.027123 0.070717
1 0.053066 0.391932 0.024764 0.064741
0 0.070312 0.332918 0.1023 0.066235
1 0.18809 0.20493 0.012972 0.040339
1 0.199882 0.132968 0.005307 0.012948
1 0.219929 0.141434 0.006486 0.023904
1 0.174086 0.18003 0.006191 0.026394
1 0.196492 0.150398 0.003833 0.01494
0 0.230395 0.19746 0.029186 0.041335
0 0.270342 0.188994 0.028892 0.040339
0 0.304098 0.17754 0.028597 0.038347
1 0.326061 0.206424 0.012382 0.049303
1 0.377948 0.191733 0.012382 0.037849
1 0.438384 0.181773 0.009434 0.02988
1 0.476268 0.18999 0.017394 0.041335
1 0.499705 0.174054 0.010613 0.040339
0 0.507075 0.222112 0.106722 0.071713
0 0.260613 0.161853 0.043042 0.078685
0 0.276386 0.109064 0.012087 0.01494
0 0.268868 0.108317 0.009434 0.014442
0 0.26533 0.10259 0.008255 0.011952
0 0.259434 0.097859 0.007665 0.009462
0 0.256633 0.096863 0.005601 0.009462
1 0.649175 0.164592 0.012382 0.049303
1 0.634287 0.158367 0.016215 0.046813
1 0.610407 0.178287 0.016804 0.056773
1 0.5852 0.175299 0.011792 0.055777
1 0.596108 0.17007 0.011792 0.053287
1 0.680277 0.156624 0.013267 0.043327
