0 0.101807 0.818287 0.15332 0.239352
0 0.366089 0.358102 0.120361 0.10787
0 0.122681 0.403241 0.095459 0.088889
0 0.209717 0.464815 0.07666 0.135185
0 0.248291 0.330556 0.044434 0.076852
0 0.247803 0.203935 0.029785 0.035648
0 0.279175 0.273611 0.045654 0.077778
0 0.219727 0.233102 0.035645 0.050463
0 0.310913 0.241667 0.032471 0.05463
0 0.326294 0.227315 0.026611 0.043519
0 0.336914 0.215046 0.023926 0.038426
0 0.443115 0.1375 0.013672 0.02037
0 0.394897 0.122222 0.010498 0.017593
0 0.438354 0.124306 0.010498 0.016204
0 0.456299 0.118519 0.013672 0.026852
0 0.347778 0.157407 0.016846 0.027778
0 0.230103 0.185185 0.017334 0.023148
0 0.473267 0.129861 0.011963 0.018056
0 0.348511 0.201389 0.020752 0.038889
0 0.248047 0.175 0.01416 0.023148
0 0.384277 0.130787 0.010254 0.019907
0 0.219971 0.190278 0.015625 0.024074
1 0.80896 0.56875 0.026123 0.106019
0 0.256104 0.170602 0.013672 0.020833
0 0.264038 0.165972 0.013916 0.021759
0 0.238892 0.180093 0.015869 0.023148
0 0.413208 0.103935 0.008057 0.010648
0 0.297974 0.143287 0.013916 0.021759
1 0.780518 0.496065 0.024902 0.0625
0 0.442993 0.111574 0.008545 0.013889
0 0.404907 0.110648 0.008545 0.013889
0 0.206787 0.193287 0.021973 0.028241
0 0.271118 0.161343 0.011963 0.018981
1 0.902222 0.476157 0.014893 0.070833
1 0.574707 0.169907 0.006348 0.032407
1 0.986084 0.516435 0.016113 0.059722
0 0.471802 0.121296 0.010498 0.015741
1 0.768555 0.480324 0.012207 0.050463
0 0.473267 0.106713 0.008545 0.014352
0 0.467773 0.100463 0.007324 0.011111
1 0.931152 0.436343 0.020996 0.084722
1 0.890503 0.48125 0.02124 0.078241
1 0.982788 0.601389 0.026123 0.093519
1 0.70752 0.561343 0.028809 0.141204
1 0.887207 0.541435 0.02002 0.078241
0 0.517456 0.128704 0.010986 0.018519
0 0.291382 0.136343 0.011963 0.013426
1 0.042114 0.325 0.011475 0.038889
1 0.019043 0.319676 0.011719 0.035648
1 0.871704 0.582639 0.023682 0.088426
0 0.29248 0.150926 0.012207 0.018519
0 0.445801 0.104861 0.007324 0.011574
0 0.27832 0.155787 0.015625 0.020833
0 0.333618 0.128704 0.01001 0.014815
1 0.046753 0.311343 0.011963 0.031019
0 0.288452 0.152778 0.010986 0.018519
1 0.895508 0.583102 0.025879 0.070833
1 0.738037 0.584259 0.038574 0.117593
0 0.457031 0.102778 0.009277 0.011111
0 0.426514 0.097917 0.007324 0.010648
0 0.344971 0.121296 0.006836 0.012963
