0 0.46901 0.579167 0.026562 0.037963
0 0.404167 0.586574 0.025 0.039815
0 0.433073 0.585648 0.024479 0.036111
0 0.442448 0.572685 0.023438 0.032407
0 0.51901 0.514352 0.014063 0.032407
0 0.484115 0.57037 0.024479 0.05
1 0.22526 0.636111 0.009896 0.038889
1 0.23724 0.631944 0.013021 0.041667
1 0.252083 0.635648 0.015625 0.041667
1 0.270573 0.637037 0.015104 0.046296
1 0.591927 0.626389 0.014063 0.047222
1 0.63776 0.599537 0.013021 0.034259
1 0.789583 0.586111 0.010417 0.033333
1 0.873958 0.568056 0.013542 0.037963
1 0.92474 0.536574 0.008854 0.032407
0 0.003906 0.702315 0.007812 0.062037
