0 0.192139 0.6 0.09668 0.171296
0 0.159424 0.413426 0.088867 0.116667
0 0.263794 0.289815 0.052002 0.085185
0 0.277222 0.351852 0.06958 0.082407
0 0.036011 0.400694 0.071533 0.081019
0 0.186401 0.257407 0.04126 0.056481
0 0.304077 0.247222 0.037842 0.057407
0 0.325684 0.227546 0.02832 0.043981
0 0.333252 0.16875 0.020996 0.031019
0 0.213379 0.224074 0.033203 0.037963
0 0.336914 0.215046 0.023926 0.0375
0 0.348389 0.202315 0.021973 0.038889
0 0.389893 0.126852 0.012207 0.018519
0 0.375244 0.137269 0.012207 0.020833
0 0.206177 0.194907 0.023682 0.030556
0 0.538574 0.367593 0.146973 0.12037
0 0.441772 0.130787 0.012451 0.01713
0 0.219116 0.190741 0.015869 0.025926
0 0.456299 0.116667 0.013184 0.025
0 0.474976 0.125926 0.010986 0.016667
0 0.4021 0.113657 0.009277 0.014352
0 0.247925 0.175 0.015381 0.023148
0 0.256592 0.170833 0.01416 0.02037
0 0.23877 0.180093 0.016113 0.023148
0 0.230347 0.184954 0.017334 0.025463
1 0.809937 0.567361 0.024658 0.109722
0 0.26416 0.165972 0.01416 0.021759
0 0.297974 0.143287 0.014893 0.022685
0 0.470581 0.118056 0.01001 0.015741
1 0.572754 0.168056 0.007324 0.032407
1 0.985962 0.513194 0.017334 0.065278
0 0.321533 0.133333 0.010254 0.015741
0 0.439087 0.119907 0.01001 0.014815
1 0.887451 0.536111 0.020996 0.071296
1 0.78125 0.496065 0.023926 0.061574
0 0.270874 0.162037 0.011963 0.019444
1 0.873047 0.584259 0.024902 0.088889
0 0.011963 0.290046 0.019531 0.021759
1 0.875366 0.451157 0.018799 0.081019
0 0.473022 0.105324 0.009033 0.014352
1 0.904785 0.480556 0.015137 0.074074
0 0.515991 0.127546 0.01001 0.018981
1 0.894165 0.584028 0.023682 0.075463
1 0.944702 0.483102 0.024658 0.080093
1 0.891846 0.479167 0.02002 0.073148
1 0.708496 0.559491 0.028809 0.125463
0 0.410034 0.107176 0.008545 0.0125
1 0.902344 0.550463 0.024902 0.083333
0 0.29126 0.13588 0.012695 0.014352
0 0.467285 0.097454 0.006836 0.010648
1 0.018921 0.31875 0.011475 0.038426
0 0.289062 0.152083 0.012695 0.018056
1 0.982788 0.602315 0.024658 0.090741
1 0.756714 0.482639 0.017822 0.061574
1 0.737915 0.585185 0.037354 0.118519
1 0.041748 0.323843 0.010742 0.038426
0 0.28125 0.156019 0.01709 0.02037
1 0.046875 0.311806 0.011719 0.031019
0 0.443237 0.109028 0.008057 0.0125
0 0.412964 0.100694 0.008057 0.010648
0 0.345215 0.121296 0.007324 0.012963
0 0.332642 0.128241 0.010986 0.014815
0 0.457397 0.100926 0.008545 0.011111
1 0.767212 0.483565 0.017822 0.061574
