0 0.773534 0.622314 0.175926 0.195801
0 0.559799 0.425781 0.123457 0.144531
0 0.673997 0.354492 0.098765 0.113281
0 0.559414 0.282227 0.075617 0.098633
0 0.741898 0.309814 0.079475 0.081543
0 0.925154 0.533936 0.141975 0.148926
0 0.177855 0.383545 0.112654 0.132324
0 0.196759 0.288086 0.085648 0.084961
0 0.203125 0.203613 0.061343 0.071289
0 0.265818 0.161865 0.050154 0.053223
0 0.3125 0.180176 0.04784 0.044922
0 0.348187 0.212891 0.053627 0.054688
0 0.315779 0.144287 0.036651 0.031738
0 0.370756 0.141846 0.035494 0.034668
0 0.399691 0.152832 0.037037 0.036133
0 0.445216 0.158447 0.037809 0.041504
0 0.544753 0.173828 0.039352 0.039062
0 0.613426 0.184326 0.039352 0.04541
0 0.691937 0.206055 0.047454 0.046875
0 0.748843 0.10083 0.033951 0.021973
1 0.844715 0.180664 0.010417 0.042969
1 0.916088 0.187744 0.014275 0.027832
0 0.632909 0.117188 0.023534 0.022461
0 0.648727 0.145752 0.030478 0.034668
0 0.598187 0.133301 0.02662 0.029297
0 0.566165 0.142822 0.028164 0.032715
0 0.566744 0.102539 0.018519 0.018555
0 0.59375 0.11084 0.020833 0.022461
0 0.471836 0.139404 0.031636 0.030762
0 0.445023 0.124268 0.028164 0.024902
0 0.421489 0.113281 0.02662 0.023438
0 0.436343 0.105469 0.020833 0.022461
0 0.471258 0.105469 0.021991 0.022461
0 0.486883 0.127441 0.027006 0.026367
0 0.491127 0.114014 0.023148 0.024902
0 0.484375 0.099854 0.018133 0.019043
0 0.486304 0.092041 0.019676 0.018066
0 0.463156 0.083496 0.020448 0.014648
0 0.505208 0.085938 0.015046 0.017578
0 0.516011 0.071045 0.008873 0.012207
0 0.394097 0.093018 0.042824 0.04834
