1 0.658179 0.493652 0.056327 0.138672
1 0.748071 0.409424 0.01929 0.103027
0 0.440586 0.859131 0.212191 0.280762
0 0.106867 0.861084 0.213735 0.276855
0 0.210262 0.598389 0.162809 0.19873
0 0.435185 0.59375 0.148148 0.189453
0 0.038002 0.635742 0.076003 0.202148
1 0.91223 0.348633 0.035108 0.078125
1 0.784336 0.319824 0.015432 0.052734
1 0.821373 0.335205 0.021605 0.061035
1 0.869599 0.332275 0.023148 0.062988
1 0.895448 0.321289 0.020062 0.051758
1 0.969329 0.309814 0.02662 0.064941
0 0.017747 0.331299 0.035494 0.08252
0 0.263117 0.264648 0.12963 0.077148
0 0.30652 0.244629 0.076775 0.057617
0 0.451196 0.225586 0.111497 0.066406
0 0.569444 0.226562 0.115741 0.0625
0 0.489776 0.127197 0.030478 0.027832
0 0.429977 0.145508 0.033565 0.037109
0 0.43885 0.129883 0.024306 0.030273
0 0.465278 0.109375 0.022377 0.027344
0 0.419753 0.078125 0.010031 0.013672
0 0.392361 0.120117 0.02392 0.02832
0 0.42284 0.119873 0.01929 0.020996
0 0.38831 0.159424 0.042052 0.05127
0 0.365741 0.188721 0.059414 0.049316
0 0.423997 0.068359 0.010031 0.010742
0 0.429591 0.06665 0.008102 0.008301
0 0.416281 0.068115 0.010802 0.009277
0 0.407022 0.06958 0.010802 0.010254
0 0.435764 0.068359 0.006559 0.009766
0 0.259066 0.206055 0.092207 0.047852
0 0.091435 0.171631 0.048611 0.041504
0 0.123843 0.155518 0.041667 0.04834
0 0.149884 0.141113 0.033565 0.03125
0 0.179012 0.120361 0.02392 0.022949
0 0.145448 0.164551 0.040123 0.03418
0 0.164352 0.150635 0.030093 0.040527
0 0.186535 0.142578 0.025077 0.021484
0 0.196759 0.128662 0.024691 0.023926
0 0.190201 0.164307 0.037809 0.039551
0 0.213542 0.148438 0.032022 0.041992
0 0.221065 0.127197 0.021605 0.016113
0 0.232446 0.121094 0.018133 0.016602
0 0.231867 0.10498 0.016975 0.022461
0 0.233989 0.137939 0.017361 0.022949
0 0.245756 0.12793 0.01929 0.018555
0 0.258873 0.125732 0.01466 0.01709
0 0.268711 0.119629 0.018904 0.021484
0 0.252315 0.101074 0.036265 0.038086
0 0.269869 0.099609 0.01196 0.021484
0 0.242091 0.162109 0.040509 0.035156
0 0.255787 0.147705 0.032407 0.039551
0 0.278549 0.139404 0.026235 0.028809
0 0.283951 0.120117 0.017747 0.027344
0 0.290895 0.114014 0.021605 0.024902
0 0.300926 0.112061 0.011574 0.018066
0 0.309992 0.107666 0.01659 0.018066
0 0.301505 0.149414 0.032022 0.038086
0 0.280864 0.164062 0.039352 0.039062
0 0.3125 0.141602 0.025463 0.03418
0 0.327546 0.135254 0.016975 0.029297
0 0.331404 0.128418 0.01466 0.025391
0 0.297647 0.092529 0.020448 0.01416
0 0.316358 0.085205 0.021605 0.030762
0 0.340471 0.083252 0.025849 0.030762
0 0.274306 0.088867 0.013117 0.012695
0 0.282022 0.089111 0.006173 0.008301
0 0.28588 0.087891 0.005401 0.006836
0 0.290316 0.085938 0.006559 0.007812
0 0.207948 0.088379 0.018519 0.014648
0 0.219136 0.086914 0.016975 0.016602
0 0.349923 0.066895 0.00463 0.007812
0 0.355903 0.068359 0.005015 0.006836
0 0.368056 0.067383 0.00463 0.005859
0 0.375193 0.066406 0.005787 0.007812
0 0.367091 0.057861 0.003472 0.006348
0 0.376736 0.058838 0.005015 0.006348
0 0.395062 0.064209 0.010031 0.01709
0 0.153935 0.104736 0.021605 0.023926
