0 0.881836 0.752083 0.189453 0.186111
0 0.942773 0.706597 0.113672 0.159028
0 0.657617 0.442014 0.096484 0.075694
0 0.720703 0.404514 0.082031 0.077083
0 0.758789 0.373611 0.060547 0.05
0 0.69668 0.359028 0.073828 0.054167
0 0.845117 0.336806 0.047266 0.038889
0 0.87207 0.341667 0.033984 0.023611
0 0.860742 0.360069 0.048047 0.039583
0 0.889258 0.373611 0.058984 0.040278
0 0.945898 0.359722 0.055859 0.058333
0 0.940039 0.326389 0.093359 0.077778
1 0.987891 0.334028 0.010156 0.036111
0 0.726758 0.310417 0.034766 0.033333
0 0.695898 0.305556 0.034766 0.030556
0 0.536719 0.302778 0.050781 0.036111
0 0.555273 0.261458 0.037891 0.027083
0 0.535156 0.256944 0.029688 0.026389
0 0.51582 0.259722 0.010547 0.015278
0 0.513867 0.253472 0.025391 0.020833
0 0.505664 0.247222 0.025391 0.023611
0 0.474805 0.256944 0.030078 0.027778
0 0.414062 0.265972 0.029688 0.027778
0 0.465039 0.245833 0.016016 0.019444
0 0.462109 0.244792 0.019531 0.022917
0 0.457031 0.240625 0.0125 0.017361
0 0.449414 0.243056 0.024609 0.023611
0 0.436719 0.240972 0.021094 0.019444
0 0.414453 0.236458 0.026563 0.01875
0 0.392969 0.2375 0.010938 0.015278
0 0.387109 0.234028 0.017188 0.016667
0 0.374219 0.234028 0.015625 0.013889
0 0.377148 0.223958 0.016797 0.009028
0 0.358008 0.230903 0.012891 0.015972
0 0.356055 0.226042 0.011328 0.00625
0 0.344727 0.229514 0.018359 0.017361
0 0.305664 0.227431 0.019141 0.011806
0 0.291797 0.220833 0.01875 0.013889
0 0.317969 0.225 0.013281 0.013889
0 0.252539 0.215625 0.024609 0.017361
0 0.227539 0.214583 0.013672 0.013889
0 0.220117 0.213194 0.016797 0.016667
0 0.21543 0.204514 0.009766 0.011806
0 0.175586 0.207292 0.019922 0.011806
0 0.300781 0.239931 0.021094 0.021528
0 0.371289 0.309375 0.031641 0.046528
0 0.164453 0.236806 0.020313 0.023611
0 0.199219 0.250694 0.015625 0.023611
0 0.213281 0.259722 0.020313 0.026389
0 0.221875 0.245139 0.020313 0.018056
0 0.232813 0.252083 0.01875 0.016667
0 0.245703 0.256597 0.016406 0.021528
0 0.227148 0.269444 0.020703 0.027778
0 0.238672 0.275694 0.021875 0.025
0 0.24082 0.283333 0.022266 0.020833
0 0.244336 0.296528 0.025391 0.027778
0 0.243945 0.317361 0.031641 0.051389
0 0.283594 0.317014 0.028906 0.042361
0 0.280664 0.295139 0.023828 0.025
0 0.275391 0.286458 0.025781 0.035417
0 0.268359 0.276042 0.021094 0.034028
0 0.259375 0.264583 0.021094 0.0375
0 0.286328 0.396875 0.114063 0.079861
0 0.298242 0.375 0.100391 0.045833
0 0.372852 0.439931 0.091797 0.074306
0 0.439648 0.464583 0.133984 0.0875
0 0.070508 0.521528 0.139453 0.109722
0 0.032422 0.464236 0.063281 0.038194
1 0.116016 0.661111 0.042188 0.119444
1 0.228125 0.535069 0.023438 0.071528
1 0.317969 0.576389 0.042188 0.091667
1 0.500195 0.557986 0.025391 0.095139
1 0.532617 0.613194 0.036328 0.093056
1 0.618945 0.535417 0.023047 0.079167
1 0.700586 0.486806 0.013672 0.063889
1 0.750781 0.554861 0.022656 0.084722
1 0.758789 0.503472 0.016016 0.076389
1 0.785156 0.476042 0.01875 0.063194
1 0.863477 0.483681 0.023828 0.063194
1 0.89043 0.443056 0.016016 0.058333
1 0.916016 0.502431 0.017969 0.072917
1 0.919141 0.470486 0.01875 0.059028
1 0.97168 0.451389 0.016016 0.052778
1 0.885742 0.415278 0.012891 0.041667
1 0.840039 0.310764 0.009766 0.015972
1 0.685938 0.314583 0.008594 0.041667
1 0.661133 0.302431 0.006641 0.047917
1 0.516016 0.3375 0.009375 0.051389
1 0.507812 0.325 0.007812 0.048611
1 0.468555 0.323264 0.009766 0.039583
1 0.456445 0.325694 0.012109 0.040278
1 0.44082 0.315972 0.012109 0.047222
1 0.414062 0.33125 0.011719 0.041667
1 0.403125 0.324653 0.011719 0.038194
1 0.381055 0.334375 0.010547 0.035417
1 0.376563 0.315625 0.010938 0.021528
1 0.35957 0.330556 0.011328 0.034722
1 0.317383 0.332986 0.011328 0.039583
1 0.261328 0.332639 0.011719 0.036111
1 0.286719 0.344792 0.008594 0.025694
1 0.299219 0.325 0.007031 0.036111
1 0.197461 0.347917 0.011328 0.055556
1 0.188281 0.353472 0.011719 0.058333
1 0.163281 0.354167 0.014063 0.056944
1 0.171094 0.334722 0.008594 0.030556
1 0.162891 0.332292 0.010938 0.028472
1 0.12168 0.353125 0.012891 0.047917
1 0.121289 0.323958 0.012891 0.03125
1 0.097266 0.364236 0.019531 0.060417
1 0.072656 0.373264 0.016406 0.067361
1 0.063086 0.348611 0.008203 0.026389
1 0.070117 0.342361 0.009766 0.030556
1 0.033008 0.378125 0.021484 0.065972
0 0.471289 0.337153 0.013672 0.020139
1 0.160938 0.245486 0.009375 0.013194
1 0.148828 0.204861 0.004688 0.006944
1 0.146289 0.239931 0.007422 0.014583
1 0.172656 0.254861 0.008594 0.013889
