1 0.302919 0.499502 0.040979 0.136454
0 0.312795 0.430528 0.134434 0.133964
0 0.466981 0.309761 0.134434 0.109562
0 0.66082 0.30503 0.141215 0.097112
0 0.845519 0.24502 0.100236 0.074701
0 0.047907 0.503486 0.095814 0.169323
0 0.082989 0.385956 0.090507 0.12749
0 0.015625 0.359811 0.03125 0.082171
0 0.390772 0.1875 0.032134 0.058267
0 0.346256 0.190986 0.036851 0.054283
0 0.357459 0.17505 0.032724 0.046315
0 0.413768 0.122759 0.022111 0.032371
0 0.481574 0.113795 0.019752 0.024402
0 0.549233 0.107321 0.037146 0.029382
0 0.373968 0.102341 0.016215 0.024402
0 0.493219 0.079432 0.014151 0.019422
0 0.481427 0.073705 0.011792 0.016932
1 0.634581 0.167829 0.009139 0.034861
1 0.628538 0.170568 0.008255 0.037351
1 0.636792 0.16509 0.008844 0.043327
0 0.825767 0.158118 0.056604 0.051295
0 0.785083 0.148406 0.041863 0.037849
1 0.74145 0.147908 0.010024 0.028884
1 0.504127 0.076195 0.007665 0.020916
1 0.052624 0.253486 0.013267 0.049801
1 0.100088 0.229831 0.013856 0.050299
0 0.171875 0.164094 0.027123 0.030378
1 0.172022 0.178287 0.009729 0.028884
0 0.205631 0.168576 0.030366 0.033367
0 0.208137 0.148655 0.025354 0.030378
0 0.226415 0.141434 0.022406 0.0249
1 0.295843 0.502241 0.016804 0.111056
