0 0.014893 0.424479 0.029785 0.065104
0 0.067627 0.375651 0.086426 0.042969
0 0.144775 0.363932 0.058105 0.040365
0 0.174316 0.353516 0.032227 0.03125
0 0.196289 0.364909 0.039062 0.046224
0 0.230713 0.431641 0.145996 0.050781
0 0.22998 0.457682 0.143555 0.072917
0 0.258057 0.396159 0.159668 0.082682
0 0.218994 0.332031 0.029785 0.03125
0 0.253662 0.333984 0.029785 0.026042
0 0.261963 0.345378 0.032715 0.024089
0 0.286621 0.340169 0.025391 0.024089
0 0.282959 0.309896 0.021973 0.022135
0 0.30957 0.322917 0.023438 0.023438
0 0.319336 0.347331 0.032227 0.033203
0 0.338135 0.318034 0.021973 0.026693
0 0.315186 0.292318 0.018066 0.018229
0 0.363037 0.298177 0.018066 0.015625
0 0.429199 0.297526 0.017578 0.020833
0 0.454834 0.30013 0.015137 0.019531
1 0.419678 0.386068 0.02002 0.049479
1 0.567627 0.389323 0.01709 0.045573
0 0.456543 0.441081 0.125977 0.065755
0 0.644775 0.425781 0.105957 0.050781
0 0.734375 0.437826 0.109375 0.059245
0 0.391602 0.677083 0.231445 0.208333
0 0.973389 0.433919 0.05127 0.060547
