0 0.66901 0.870833 0.265104 0.256481
0 0.552865 0.396296 0.068229 0.107407
0 0.589583 0.276389 0.046875 0.071296
0 0.523958 0.271296 0.044792 0.068519
0 0.553906 0.209722 0.033854 0.058333
0 0.413021 0.201852 0.035417 0.05
0 0.495833 0.16713 0.023958 0.037963
0 0.54375 0.171759 0.025 0.036111
0 0.513542 0.147685 0.019792 0.028704
0 0.484375 0.141667 0.019792 0.02963
0 0.52526 0.127315 0.021354 0.04537
0 0.496094 0.107407 0.013021 0.024074
0 0.48151 0.093981 0.008854 0.015741
0 0.485677 0.079167 0.005729 0.010185
0 0.494531 0.083333 0.007812 0.011111
0 0.502083 0.080556 0.00625 0.011111
1 0.619531 0.162037 0.008854 0.025926
0 0.457292 0.074537 0.016667 0.028704
0 0.454167 0.089815 0.009375 0.016667
0 0.448958 0.098611 0.005208 0.017593
0 0.445573 0.090741 0.006771 0.037037
0 0.433854 0.097222 0.025 0.048148
0 0.427865 0.116204 0.010937 0.017593
0 0.414323 0.114352 0.026562 0.062037
0 0.399219 0.147685 0.015104 0.030556
0 0.371875 0.149537 0.048958 0.10463
0 0.438542 0.075926 0.022917 0.022222
0 0.4125 0.080093 0.019792 0.019444
0 0.397656 0.119444 0.008854 0.027778
0 0.345833 0.162037 0.011458 0.033333
0 0.32474 0.169444 0.033854 0.072222
0 0.285938 0.208796 0.014583 0.09537
0 0.240625 0.67037 0.480208 0.657407
0 0.41224 0.323148 0.104688 0.105556
0 0.211719 0.275463 0.151562 0.249074
1 0.842448 0.39537 0.028646 0.07037
