0 0.217129 0.258217 0.059257 0.11006
0 0.288768 0.284363 0.042748 0.064741
0 0.289357 0.214143 0.065153 0.121514
0 0.37043 0.226345 0.032134 0.045319
0 0.405218 0.25 0.037441 0.049801
0 0.395784 0.158616 0.017983 0.026394
0 0.380601 0.151145 0.017689 0.024402
0 0.381044 0.139193 0.015035 0.015438
0 0.378685 0.13496 0.013856 0.016932
1 0.419664 0.148157 0.006781 0.021414
0 0.376179 0.11255 0.007075 0.00996
0 0.235702 0.125 0.005601 0.010956
0 0.275059 0.122012 0.019458 0.01494
0 0.285672 0.11753 0.013561 0.008964
0 0.272848 0.110558 0.010908 0.012948
1 0.473614 0.244024 0.00796 0.030876
0 0.474646 0.262948 0.014741 0.054781
0 0.512972 0.271912 0.016509 0.058765
1 0.658314 0.40239 0.021226 0.090637
0 0.759876 0.303038 0.107606 0.063247
0 0.804098 0.291833 0.072229 0.058765
0 0.899175 0.297311 0.09434 0.073705
