0 0.859115 0.675926 0.280729 0.646296
0 0.198177 0.386574 0.080729 0.126852
0 0.10625 0.315278 0.126042 0.206481
0 0.526823 0.286574 0.043229 0.067593
0 0.418229 0.253704 0.042708 0.074074
0 0.322656 0.247685 0.038021 0.058333
0 0.503125 0.164815 0.020833 0.02963
0 0.503385 0.131481 0.015104 0.031481
0 0.501042 0.101852 0.016667 0.048148
0 0.480729 0.113426 0.011458 0.015741
0 0.519792 0.113426 0.010417 0.015741
0 0.492708 0.089815 0.004167 0.012963
0 0.485156 0.085185 0.005729 0.009259
0 0.488542 0.081481 0.004167 0.007407
0 0.461719 0.083796 0.005729 0.010185
0 0.477083 0.07963 0.004167 0.005556
0 0.478906 0.067593 0.003646 0.009259
0 0.454167 0.083333 0.005208 0.007407
0 0.457813 0.081944 0.002083 0.006481
0 0.43151 0.1 0.021354 0.053704
0 0.405729 0.10463 0.019792 0.040741
0 0.422396 0.126852 0.013542 0.02037
0 0.391146 0.127778 0.010417 0.022222
0 0.404948 0.134259 0.019271 0.048148
0 0.334375 0.152315 0.046875 0.09537
0 0.364844 0.149537 0.016146 0.028704
0 0.372396 0.174074 0.028125 0.05
1 0.186458 0.192593 0.009375 0.040741
