0 0.527865 0.496296 0.085938 0.146296
0 0.32526 0.593981 0.128646 0.215741
0 0.390104 0.250926 0.079167 0.159259
0 0.296615 0.206481 0.035937 0.046296
0 0.68125 0.313426 0.091667 0.080556
0 0.351042 0.199537 0.029167 0.04537
0 0.382031 0.133333 0.028646 0.061111
0 0.461458 0.193056 0.027083 0.043519
0 0.38125 0.159722 0.022917 0.030556
0 0.365365 0.171759 0.026562 0.030556
0 0.408333 0.121759 0.014583 0.021296
0 0.398958 0.137963 0.009375 0.02963
0 0.410156 0.106944 0.016146 0.021296
0 0.460938 0.093519 0.011458 0.018519
1 0.708333 0.35463 0.025 0.066667
1 0.085938 0.220833 0.011458 0.034259
0 0.473177 0.084722 0.014063 0.010185
1 0.79401 0.306944 0.017188 0.056481
0 0.417187 0.093519 0.009375 0.014815
0 0.31849 0.101852 0.017188 0.012963
0 0.429167 0.086111 0.009375 0.009259
0 0.445573 0.081481 0.010937 0.016667
