0 0.764082 0.577393 0.173997 0.206543
0 0.326775 0.302979 0.13966 0.092285
0 0.236883 0.282715 0.128086 0.083008
0 0.440201 0.242432 0.082562 0.070801
0 0.365741 0.143311 0.036265 0.032715
0 0.41821 0.141846 0.036265 0.034668
0 0.881173 0.221924 0.097222 0.055176
0 0.471258 0.140137 0.032022 0.036133
0 0.969522 0.214844 0.058642 0.036133
0 0.750386 0.101807 0.034722 0.019043
0 0.670525 0.108887 0.022377 0.020508
1 0.831019 0.179932 0.012346 0.046387
0 0.385995 0.132568 0.028164 0.032715
1 0.588735 0.157471 0.016204 0.041504
0 0.481674 0.084473 0.01659 0.015625
0 0.355517 0.124512 0.032022 0.029297
0 0.506752 0.08252 0.014275 0.013672
0 0.578318 0.070557 0.010802 0.010254
0 0.606096 0.07959 0.012346 0.015625
0 0.381752 0.112061 0.02662 0.019043
0 0.512346 0.072754 0.012346 0.013672
1 0.525077 0.151855 0.010802 0.03125
0 0.497299 0.065186 0.012346 0.019043
1 0.512153 0.150635 0.011188 0.032715
1 0.363619 0.158936 0.014275 0.039551
0 0.588735 0.067383 0.010031 0.011719
0 0.90162 0.508057 0.195988 0.440918
