0 0.752122 0.545654 0.163966 0.193848
0 0.593364 0.243164 0.11034 0.072266
0 0.293596 0.292236 0.125772 0.095215
0 0.365741 0.143311 0.037809 0.034668
0 0.724923 0.181641 0.073302 0.040039
0 0.318287 0.141846 0.037809 0.037598
0 0.858603 0.201416 0.08912 0.041504
0 0.417245 0.142334 0.037423 0.035645
0 0.912423 0.226074 0.083333 0.051758
0 0.469715 0.142334 0.032022 0.034668
0 0.38561 0.133057 0.032022 0.037598
0 0.487654 0.119629 0.027778 0.027344
0 0.471451 0.105957 0.021605 0.022461
0 0.444059 0.102051 0.021605 0.022461
0 0.750386 0.101807 0.034722 0.019043
0 0.905478 0.534912 0.185957 0.468262
0 0.47608 0.086426 0.017747 0.017578
0 0.342785 0.132324 0.028164 0.032227
0 0.505015 0.079346 0.013889 0.015137
1 0.831983 0.176025 0.01196 0.032715
1 0.258102 0.152344 0.01466 0.033203
0 0.498843 0.066162 0.017747 0.02002
1 0.637539 0.154053 0.011188 0.034668
0 0.467593 0.080811 0.01466 0.01709
0 0.572917 0.065918 0.010031 0.009766
0 0.521412 0.073975 0.012731 0.01416
1 0.46277 0.154297 0.010417 0.040039
0 0.586806 0.062744 0.008488 0.010254
1 0.133102 0.180664 0.01466 0.046875
0 0.523148 0.088867 0.01466 0.017578
0 0.594329 0.058838 0.008102 0.008301
1 0.18615 0.147217 0.01659 0.032715
0 0.720293 0.141357 0.013889 0.02002
