0 0.396991 0.261719 0.124228 0.083008
0 0.751543 0.545654 0.162809 0.193848
0 0.701582 0.231689 0.103781 0.065918
0 0.365548 0.143555 0.037423 0.03418
0 0.76196 0.187256 0.079475 0.044434
0 0.41686 0.141846 0.037423 0.034668
0 0.901235 0.206299 0.094907 0.046387
0 0.319059 0.140381 0.037809 0.035645
0 0.385031 0.133301 0.032407 0.036133
0 0.469329 0.141846 0.032022 0.034668
0 0.493441 0.114258 0.026235 0.027344
0 0.980517 0.224854 0.038194 0.04834
0 0.451389 0.098389 0.020833 0.020996
0 0.346451 0.129639 0.030093 0.030762
0 0.479167 0.101318 0.020062 0.021973
0 0.749228 0.102051 0.033951 0.020508
1 0.831404 0.180664 0.013117 0.046875
1 0.485147 0.154053 0.014275 0.041504
0 0.481289 0.083008 0.01659 0.016602
0 0.509066 0.077393 0.012731 0.01416
1 0.171682 0.178711 0.016975 0.044922
1 0.616319 0.155518 0.010417 0.032715
0 0.573302 0.067139 0.010031 0.010254
0 0.497878 0.066895 0.014275 0.020508
0 0.902778 0.532471 0.19213 0.461426
1 0.303434 0.152344 0.012731 0.032227
1 0.207948 0.129883 0.010031 0.020508
0 0.58642 0.063721 0.008488 0.010254
0 0.526235 0.084229 0.012346 0.01709
0 0.525077 0.069092 0.008488 0.01416
0 0.594136 0.05835 0.008488 0.008301
0 0.47608 0.07959 0.012346 0.013672
0 0.463542 0.064941 0.003472 0.011719
