0 0.66821 0.228271 0.10571 0.063965
0 0.752122 0.544922 0.163966 0.192383
0 0.232832 0.319336 0.09838 0.098633
0 0.063272 0.482422 0.125772 0.176758
0 0.877701 0.204102 0.084877 0.044922
0 0.365934 0.143311 0.036651 0.032715
0 0.953318 0.221436 0.092593 0.057129
0 0.469329 0.14209 0.032022 0.036133
0 0.417631 0.141846 0.03588 0.034668
0 0.385995 0.133301 0.028164 0.036133
0 0.901042 0.466553 0.196373 0.32959
0 0.333526 0.13501 0.03588 0.032715
1 0.831404 0.182129 0.012346 0.044922
0 0.469329 0.0896 0.01659 0.01709
0 0.36169 0.12085 0.028164 0.023926
0 0.496335 0.0896 0.015818 0.01709
1 0.543403 0.155273 0.011188 0.040039
1 0.566744 0.1521 0.010031 0.036621
0 0.576003 0.069092 0.010031 0.010254
0 0.616512 0.079102 0.016204 0.013672
0 0.752508 0.106689 0.032022 0.01709
1 0.28125 0.164551 0.013889 0.038086
0 0.50598 0.102051 0.018133 0.020508
0 0.034529 0.371338 0.069059 0.104004
0 0.518133 0.072266 0.010031 0.011719
0 0.499035 0.077637 0.014275 0.013672
0 0.587191 0.06543 0.008488 0.011719
0 0.49865 0.065674 0.015046 0.02002
1 0.237654 0.12915 0.008488 0.02002
0 0.746721 0.099365 0.029707 0.015137
0 0.524884 0.068115 0.006559 0.013184
1 0.423804 0.152832 0.01196 0.027344
