0 0.75135 0.545654 0.163194 0.193848
0 0.159336 0.3396 0.159722 0.117676
0 0.474151 0.260498 0.121914 0.086426
0 0.690586 0.174805 0.06713 0.038086
0 0.810957 0.22876 0.087191 0.052246
0 0.365934 0.143311 0.036651 0.034668
0 0.318673 0.14209 0.03858 0.036133
0 0.417052 0.142334 0.034722 0.035645
0 0.469522 0.143555 0.033951 0.036133
0 0.385031 0.133057 0.033179 0.037598
0 0.82311 0.197754 0.089892 0.042969
0 0.969136 0.216064 0.059414 0.039551
0 0.43615 0.105225 0.022762 0.023926
0 0.48206 0.123779 0.028164 0.028809
0 0.464313 0.110596 0.023534 0.025879
0 0.749614 0.101807 0.033951 0.019043
0 0.500965 0.081543 0.015046 0.015625
1 0.438079 0.154053 0.012731 0.041504
0 0.469715 0.0896 0.018904 0.019043
0 0.340664 0.134277 0.030093 0.03125
0 0.51659 0.076172 0.012346 0.013672
0 0.497106 0.06665 0.015818 0.021973
0 0.456983 0.082764 0.015818 0.01709
0 0.572145 0.06543 0.008488 0.008789
0 0.586613 0.0625 0.00733 0.009766
0 0.897377 0.528809 0.201389 0.454102
1 0.166667 0.148438 0.013889 0.03125
1 0.221644 0.148682 0.01196 0.034668
0 0.658179 0.157959 0.009259 0.027832
1 0.29456 0.111328 0.010417 0.018555
1 0.679012 0.09082 0.00463 0.015625
1 0.83179 0.170166 0.010802 0.02002
0 0.521605 0.071045 0.012346 0.013184
0 0.594136 0.058594 0.006944 0.006836
0 0.574653 0.05542 0.006559 0.008301
