0 0.570988 0.648926 0.165123 0.241211
0 0.418596 0.252686 0.115741 0.086426
0 0.75135 0.54541 0.162423 0.192383
0 0.872106 0.224365 0.09838 0.04834
0 0.693094 0.230225 0.106096 0.060059
0 0.224151 0.331543 0.133488 0.109375
0 0.376929 0.230713 0.104167 0.063965
0 0.417245 0.142334 0.037423 0.034668
0 0.682485 0.158203 0.039352 0.033203
0 0.319059 0.14209 0.039352 0.036133
0 0.364583 0.143799 0.037809 0.034668
0 0.469907 0.143066 0.033951 0.036133
0 0.888696 0.832764 0.219522 0.333496
0 0.385802 0.133545 0.030093 0.037598
0 0.433063 0.132812 0.028164 0.03125
0 0.443094 0.126465 0.024306 0.029297
0 0.451775 0.119385 0.024691 0.027832
0 0.750193 0.102051 0.032793 0.018555
0 0.634452 0.123047 0.027392 0.025391
0 0.490162 0.095703 0.018904 0.020508
0 0.479167 0.084961 0.016204 0.016602
1 0.853395 0.18335 0.010802 0.043457
0 0.410301 0.118652 0.02662 0.022461
0 0.608603 0.092773 0.01659 0.017578
0 0.377701 0.112061 0.026235 0.019043
0 0.434028 0.092529 0.02392 0.023926
0 0.585069 0.07959 0.012731 0.013672
0 0.496335 0.078125 0.014275 0.015625
0 0.421103 0.112793 0.022762 0.020508
0 0.56385 0.089111 0.014275 0.01709
0 0.396991 0.126465 0.022377 0.027344
0 0.340085 0.133789 0.029707 0.032227
0 0.393326 0.107422 0.021991 0.018555
0 0.567901 0.079346 0.012346 0.01416
0 0.897377 0.50708 0.201389 0.411621
0 0.509066 0.074219 0.012731 0.013672
0 0.497106 0.06543 0.015818 0.018555
0 0.575231 0.063965 0.008488 0.009766
0 0.521412 0.078125 0.012731 0.013672
1 0.7799 0.13501 0.00733 0.023926
0 0.359568 0.121094 0.026235 0.020508
1 0.233603 0.166992 0.014275 0.033203
1 0.185764 0.180176 0.012731 0.033203
0 0.585069 0.069092 0.010417 0.012207
0 0.61034 0.081543 0.012346 0.011719
0 0.5951 0.057129 0.005015 0.006836
0 0.522569 0.069336 0.011188 0.011719
0 0.57446 0.053711 0.005401 0.006836
