0 0.284635 0.139352 0.017188 0.021296
0 0.346615 0.126389 0.010937 0.015741
0 0.372135 0.119444 0.010937 0.011111
0 0.391406 0.123148 0.008854 0.014815
0 0.399219 0.130556 0.011979 0.018519
0 0.403385 0.125 0.009896 0.018519
0 0.423437 0.119444 0.011458 0.012963
0 0.411198 0.12037 0.010937 0.014815
0 0.391927 0.15 0.019271 0.031481
0 0.385677 0.187963 0.018229 0.040741
0 0.341146 0.118981 0.014583 0.028704
0 0.329948 0.129167 0.013021 0.015741
0 0.351823 0.122685 0.007812 0.013889
0 0.242448 0.151852 0.014063 0.025926
0 0.208854 0.165741 0.054167 0.090741
0 0.307031 0.208796 0.142187 0.119444
0 0.240885 0.186111 0.023438 0.040741
0 0.254688 0.166204 0.017708 0.013889
0 0.147135 0.2125 0.038021 0.043519
0 0.083594 0.29213 0.092188 0.063889
1 0.006771 0.248148 0.011458 0.05
1 0.032552 0.235185 0.010937 0.035185
1 0.057031 0.231944 0.010937 0.041667
1 0.104167 0.180093 0.00625 0.028704
1 0.103125 0.184259 0.00625 0.022222
1 0.70625 0.230093 0.011458 0.050926
1 0.742188 0.239352 0.010417 0.050926
1 0.755729 0.238889 0.0125 0.057407
1 0.98776 0.311574 0.011979 0.041667
1 0.98125 0.326389 0.013542 0.036111
1 0.972656 0.34537 0.022396 0.055556
1 0.951823 0.350463 0.015104 0.056481
1 0.935156 0.335648 0.014063 0.039815
1 0.908594 0.3625 0.032813 0.078704
1 0.93776 0.381019 0.020313 0.069444
0 0.972656 0.259722 0.053646 0.047222
0 0.969531 0.253241 0.059896 0.039815
0 0.895312 0.26713 0.086458 0.05463
0 0.89375 0.253241 0.083333 0.049074
0 0.074479 0.521296 0.147917 0.168519
0 0.164583 0.806944 0.176042 0.280556
0 0.371094 0.82037 0.138021 0.287037
0 0.575781 0.773611 0.145313 0.280556
0 0.660156 0.978704 0.181771 0.040741
