0 0.472801 0.244629 0.113812 0.076172
0 0.570988 0.648438 0.165123 0.241211
0 0.75 0.544922 0.159722 0.192383
0 0.287809 0.307861 0.118056 0.093262
0 0.741319 0.227539 0.106096 0.058594
0 0.417245 0.142334 0.037423 0.034668
0 0.365162 0.143311 0.03588 0.034668
0 0.318673 0.141846 0.03858 0.035645
0 0.469715 0.142334 0.032793 0.036621
0 0.933835 0.225586 0.096836 0.046875
0 0.693866 0.163086 0.043596 0.03418
0 0.385995 0.134033 0.030478 0.037598
0 0.433063 0.132324 0.027392 0.032227
0 0.443094 0.126465 0.024306 0.029297
0 0.459298 0.21875 0.103781 0.056641
0 0.451775 0.119385 0.024691 0.027832
0 0.638117 0.125977 0.022377 0.026367
0 0.750193 0.102051 0.032793 0.018555
0 0.899498 0.512207 0.196373 0.417969
0 0.492863 0.093994 0.018904 0.02002
0 0.483025 0.083496 0.016204 0.015625
0 0.891011 0.838135 0.214892 0.322754
1 0.853395 0.18335 0.010802 0.043457
0 0.436343 0.092041 0.022377 0.023926
0 0.410687 0.118652 0.025849 0.022461
0 0.586613 0.081055 0.012731 0.013672
0 0.377894 0.112061 0.027392 0.019043
0 0.563465 0.091064 0.015046 0.019043
0 0.421103 0.112793 0.022762 0.020508
0 0.340085 0.134277 0.028164 0.03125
0 0.498457 0.076904 0.013117 0.015137
0 0.609182 0.09375 0.016975 0.018555
0 0.566937 0.080078 0.012731 0.015625
0 0.394676 0.107178 0.022377 0.019043
0 0.51061 0.073975 0.014275 0.012207
0 0.575617 0.064209 0.008488 0.010254
0 0.396991 0.125732 0.022377 0.025879
0 0.496721 0.065674 0.015046 0.02002
1 0.259838 0.16333 0.012731 0.036621
1 0.781636 0.13623 0.006173 0.022461
0 0.610918 0.082764 0.01196 0.012207
0 0.359568 0.121094 0.026235 0.020508
1 0.213542 0.174805 0.014275 0.036133
0 0.523148 0.076416 0.013117 0.012207
0 0.595293 0.057129 0.006173 0.006836
0 0.586613 0.070557 0.010417 0.012207
0 0.574846 0.054199 0.006173 0.006836
0 0.889468 0.231934 0.008102 0.006836
0 0.524113 0.068604 0.01196 0.012207
0 0.360147 0.093018 0.006559 0.01709
