0 0.570988 0.648438 0.165123 0.241211
0 0.751736 0.545166 0.164738 0.192871
0 0.521798 0.238525 0.112269 0.072754
0 0.337191 0.287842 0.12037 0.088379
0 0.417438 0.142822 0.037809 0.035645
0 0.786265 0.22583 0.101852 0.055176
0 0.365548 0.143799 0.037423 0.034668
0 0.705826 0.167969 0.048225 0.036133
0 0.319059 0.141846 0.039352 0.036621
0 0.469907 0.143311 0.033951 0.036621
0 0.38561 0.134033 0.03125 0.037598
0 0.531636 0.211182 0.10108 0.04541
0 0.433063 0.132324 0.028164 0.032227
0 0.036458 0.350586 0.072917 0.114258
0 0.443287 0.126465 0.024691 0.029297
0 0.970293 0.227051 0.058642 0.044922
0 0.749614 0.102051 0.033951 0.018555
0 0.494599 0.092529 0.018519 0.019043
0 0.451775 0.119629 0.025463 0.029297
0 0.641204 0.130615 0.024691 0.032715
0 0.4375 0.090332 0.020833 0.023438
1 0.853395 0.183594 0.010802 0.044922
0 0.587191 0.081543 0.013117 0.015625
0 0.341242 0.133301 0.02662 0.032227
0 0.562886 0.093506 0.016204 0.02002
0 0.421103 0.112305 0.022762 0.020508
0 0.379437 0.112305 0.028164 0.020508
0 0.611111 0.095459 0.018519 0.019043
0 0.41088 0.118408 0.026235 0.023926
0 0.895448 0.850342 0.207562 0.29834
0 0.500579 0.076172 0.014275 0.015625
0 0.486304 0.081543 0.015046 0.015625
0 0.39564 0.106201 0.021991 0.019043
0 0.397184 0.126465 0.020448 0.026367
0 0.566937 0.081543 0.012731 0.016602
0 0.575617 0.065186 0.008488 0.010254
0 0.51196 0.07251 0.012346 0.012207
1 0.284336 0.161133 0.01466 0.038086
0 0.358603 0.120605 0.02662 0.022461
0 0.612269 0.084473 0.013889 0.013672
0 0.497685 0.065674 0.01466 0.02002
0 0.588735 0.072266 0.012346 0.013672
0 0.446759 0.087646 0.016204 0.019043
1 0.243441 0.169434 0.013889 0.038086
0 0.894676 0.5271 0.209877 0.45459
0 0.595486 0.056885 0.006559 0.007324
0 0.702353 0.126465 0.006559 0.026367
0 0.57446 0.054199 0.006173 0.006836
1 0.359954 0.094482 0.006944 0.015137
