1 0.776302 0.524537 0.027604 0.130556
1 0.644792 0.516667 0.033333 0.103704
1 0.673958 0.280556 0.014583 0.051852
1 0.615885 0.309722 0.021354 0.071296
1 0.591146 0.28287 0.019792 0.034259
1 0.586198 0.319444 0.021354 0.074074
1 0.59401 0.346759 0.022396 0.082407
1 0.556771 0.324074 0.028125 0.068519
1 0.559896 0.324074 0.019792 0.077778
1 0.536198 0.341667 0.019271 0.077778
1 0.54375 0.293056 0.019792 0.043519
1 0.538802 0.262963 0.010937 0.035185
1 0.544792 0.25787 0.009375 0.034259
0 0.38125 0.963889 0.3875 0.07037
0 0.422396 0.837037 0.173958 0.303704
0 0.430208 0.590278 0.117708 0.213889
0 0.636979 0.155556 0.017708 0.02963
0 0.592708 0.149074 0.017708 0.02963
0 0.48151 0.15787 0.022396 0.032407
0 0.492188 0.150463 0.016667 0.028704
0 0.496615 0.14213 0.016146 0.026852
1 0.389844 0.199074 0.010937 0.040741
1 0.131771 0.364352 0.022917 0.099074
