0 0.096451 0.414062 0.159722 0.138672
0 0.313272 0.281982 0.125 0.102051
0 0.570795 0.648438 0.166281 0.241211
0 0.750386 0.54541 0.159722 0.192383
0 0.5951 0.237549 0.112269 0.065918
0 0.219522 0.264893 0.118056 0.077637
0 0.762539 0.225586 0.103009 0.051758
0 0.417438 0.142822 0.037809 0.035645
0 0.363426 0.144287 0.037809 0.035645
0 0.317901 0.14209 0.039352 0.036133
0 0.887731 0.831299 0.221451 0.336426
0 0.469907 0.143066 0.033951 0.036133
0 0.666474 0.149902 0.032793 0.029297
0 0.38561 0.133789 0.032022 0.038086
0 0.484761 0.098877 0.020448 0.021973
0 0.629437 0.116943 0.022762 0.023926
0 0.433063 0.132568 0.028164 0.032715
0 0.750193 0.102051 0.032793 0.018555
0 0.443094 0.126465 0.024306 0.029297
1 0.853009 0.182861 0.010802 0.044434
0 0.451775 0.119385 0.024691 0.027832
0 0.474344 0.087891 0.01659 0.016602
0 0.375772 0.112061 0.026235 0.019043
0 0.33912 0.133789 0.029321 0.032227
0 0.391975 0.107666 0.022377 0.02002
0 0.565008 0.086182 0.014275 0.01709
0 0.428627 0.094482 0.024691 0.023926
0 0.421103 0.112793 0.022762 0.020508
0 0.606674 0.089844 0.015818 0.015625
0 0.505015 0.077148 0.012346 0.011719
0 0.489583 0.07959 0.01466 0.016602
0 0.410494 0.119141 0.027778 0.023438
0 0.581983 0.075928 0.01196 0.013184
0 0.895833 0.506592 0.205247 0.410645
0 0.359568 0.12085 0.026235 0.020996
0 0.514082 0.079346 0.012731 0.01416
1 0.778549 0.133789 0.006944 0.022461
0 0.496721 0.065674 0.015046 0.02002
0 0.568866 0.078125 0.011188 0.013672
0 0.396991 0.126221 0.022377 0.025879
1 0.17554 0.17334 0.01466 0.041016
0 0.575231 0.063232 0.008488 0.010254
0 0.608603 0.079834 0.01196 0.013184
0 0.521798 0.069336 0.01196 0.013672
0 0.595293 0.056641 0.006173 0.006836
0 0.586613 0.066895 0.008873 0.010742
1 0.133488 0.177979 0.018519 0.039551
