0 0.721451 0.483887 0.133488 0.166992
0 0.571566 0.647461 0.166281 0.241211
0 0.425347 0.254639 0.119985 0.072754
0 0.350309 0.154297 0.039352 0.038086
0 0.210841 0.331299 0.149306 0.115723
0 0.41088 0.148193 0.037809 0.038574
0 0.375772 0.138672 0.033951 0.038086
0 0.299769 0.150635 0.041667 0.039551
0 0.887731 0.831299 0.221451 0.336426
0 0.469329 0.143555 0.033565 0.036133
0 0.637924 0.123291 0.023534 0.023926
0 0.430556 0.134521 0.030093 0.032715
0 0.330826 0.137695 0.033565 0.033203
0 0.442515 0.126465 0.025463 0.029297
0 0.469136 0.108643 0.022377 0.023926
0 0.497106 0.0896 0.018133 0.019043
0 0.646991 0.107666 0.028549 0.020996
0 0.355903 0.124023 0.02662 0.027344
0 0.749614 0.102051 0.033951 0.018555
0 0.392554 0.129395 0.025849 0.03125
1 0.852623 0.183105 0.012346 0.044922
0 0.451775 0.118408 0.025463 0.028809
0 0.455054 0.096924 0.021991 0.02002
0 0.410687 0.119629 0.024306 0.025391
0 0.414352 0.097656 0.027778 0.022461
0 0.463735 0.085938 0.016204 0.017578
0 0.37365 0.113525 0.022762 0.019043
0 0.48534 0.083008 0.016204 0.015625
0 0.421103 0.112061 0.022762 0.02002
0 0.389082 0.109131 0.022762 0.01709
0 0.510224 0.074707 0.012731 0.013672
1 0.771605 0.129883 0.006944 0.022461
0 0.576775 0.078125 0.010802 0.013672
0 0.602431 0.081299 0.014275 0.01416
0 0.497106 0.065918 0.015818 0.020508
0 0.527585 0.077637 0.012731 0.015625
0 0.570602 0.07251 0.010802 0.012207
0 0.514853 0.071045 0.010417 0.013184
0 0.590085 0.063232 0.00733 0.008301
0 0.606096 0.076172 0.010802 0.011719
0 0.57909 0.067627 0.008488 0.010254
0 0.576582 0.061035 0.00733 0.008789
0 0.892168 0.518311 0.214892 0.430176
