0 0.570988 0.647217 0.165123 0.239746
0 0.710069 0.455811 0.126157 0.155762
0 0.377508 0.26709 0.123843 0.078125
0 0.345293 0.157471 0.041667 0.038574
0 0.408565 0.149658 0.037809 0.039551
0 0.143519 0.366211 0.147377 0.125977
0 0.372299 0.139404 0.036265 0.039551
0 0.293596 0.152344 0.043981 0.041016
0 0.46875 0.144043 0.033951 0.036133
0 0.428434 0.135742 0.030478 0.032227
0 0.326775 0.138428 0.034722 0.034668
0 0.655671 0.108398 0.032022 0.020508
0 0.442515 0.126953 0.025463 0.029297
0 0.467014 0.109131 0.021991 0.023926
0 0.749614 0.101562 0.033951 0.017578
0 0.354938 0.124756 0.030093 0.029785
0 0.635417 0.120117 0.026235 0.023438
0 0.88561 0.826416 0.224923 0.345215
0 0.494985 0.091064 0.018519 0.019043
1 0.852238 0.182861 0.012346 0.044434
0 0.452353 0.0979 0.020448 0.02002
0 0.451775 0.119141 0.024691 0.027344
0 0.39159 0.129883 0.028549 0.03125
0 0.410687 0.119385 0.025849 0.025879
0 0.482832 0.084473 0.01659 0.015625
0 0.37365 0.114014 0.022762 0.019043
0 0.420718 0.112793 0.022762 0.020508
0 0.508488 0.076172 0.013117 0.013672
0 0.461998 0.086426 0.01659 0.018555
0 0.389082 0.109375 0.022762 0.017578
1 0.769483 0.128418 0.008102 0.022461
0 0.413773 0.098145 0.028164 0.023438
0 0.578511 0.076904 0.011188 0.013184
0 0.603009 0.081299 0.013889 0.01416
0 0.527392 0.078125 0.013889 0.015625
0 0.497685 0.065674 0.01466 0.020996
0 0.569637 0.072754 0.010417 0.011719
0 0.514853 0.072754 0.010417 0.013672
0 0.590471 0.062256 0.00733 0.008301
0 0.605517 0.074219 0.010417 0.011719
0 0.584684 0.053711 0.006559 0.008789
0 0.570795 0.068604 0.008873 0.010254
0 0.578318 0.065674 0.008488 0.010254
0 0.889468 0.507324 0.219522 0.411133
