0 0.065201 0.466553 0.12963 0.193848
0 0.570988 0.647461 0.165123 0.242188
0 0.518519 0.240967 0.114198 0.065918
0 0.325424 0.288086 0.133873 0.091797
0 0.413966 0.145508 0.037809 0.038086
0 0.357446 0.148926 0.038194 0.036133
0 0.740741 0.525879 0.153549 0.183594
0 0.469907 0.143311 0.033951 0.036621
0 0.380208 0.135498 0.032793 0.036621
0 0.309221 0.146484 0.040509 0.038086
0 0.336613 0.135498 0.032793 0.032715
0 0.433063 0.133301 0.027392 0.03125
0 0.472801 0.105713 0.022762 0.023926
0 0.887539 0.830811 0.219522 0.337402
0 0.443287 0.126465 0.024691 0.029297
0 0.645062 0.131836 0.026235 0.03125
1 0.853395 0.182373 0.01466 0.04541
0 0.451775 0.119629 0.025463 0.029297
0 0.50135 0.086914 0.01659 0.017578
0 0.41088 0.118652 0.026235 0.024414
0 0.749614 0.102051 0.036265 0.020508
0 0.418403 0.097168 0.028164 0.023438
0 0.635031 0.109375 0.02392 0.022461
0 0.395255 0.128418 0.022762 0.029297
0 0.374421 0.112549 0.023534 0.01709
0 0.421103 0.112793 0.022762 0.020508
0 0.491319 0.081055 0.014275 0.015625
0 0.389468 0.108643 0.021991 0.019043
0 0.459877 0.093994 0.020062 0.02002
0 0.468364 0.083984 0.016975 0.017578
0 0.604552 0.083496 0.01466 0.015625
1 0.773534 0.129639 0.008488 0.025879
0 0.573302 0.079834 0.012346 0.015137
0 0.356867 0.121582 0.026235 0.022461
0 0.514082 0.073242 0.012731 0.013672
0 0.497685 0.066162 0.01466 0.021973
0 0.569444 0.074219 0.010802 0.013672
0 0.606289 0.074463 0.01196 0.012207
0 0.580826 0.068848 0.008873 0.011719
0 0.58912 0.064209 0.009259 0.010254
0 0.514082 0.066406 0.011188 0.010742
0 0.576003 0.061035 0.008488 0.009766
0 0.594329 0.055908 0.006559 0.008301
0 0.575039 0.053467 0.00733 0.008301
0 0.003279 0.53418 0.006559 0.011719
0 0.899691 0.510254 0.196759 0.417969
