0 0.65 0.689583 0.125 0.215278
1 0.942188 0.607639 0.039062 0.1125
1 0.973828 0.485417 0.027344 0.090278
0 0.935547 0.294444 0.078906 0.061111
0 0.970313 0.293056 0.054688 0.05
0 0.825391 0.284028 0.082031 0.065278
0 0.769531 0.26875 0.071875 0.056944
0 0.711328 0.275694 0.117969 0.093056
0 0.666406 0.271528 0.028125 0.051389
0 0.576562 0.306944 0.110938 0.077778
0 0.415625 0.322222 0.123438 0.075
0 0.427344 0.25 0.082813 0.05
0 0.352344 0.259722 0.084375 0.052778
0 0.522266 0.244444 0.113281 0.091667
0 0.570703 0.142361 0.008594 0.018056
0 0.560156 0.136806 0.009375 0.015278
0 0.553516 0.140278 0.010156 0.016667
0 0.544141 0.145833 0.013281 0.016667
0 0.238281 0.310417 0.109375 0.073611
0 0.232422 0.296528 0.096094 0.065278
0 0.258984 0.28125 0.094531 0.068056
0 0.246875 0.252083 0.067187 0.043056
0 0.182813 0.267361 0.084375 0.065278
0 0.105078 0.333333 0.099219 0.072222
0 0.114844 0.2875 0.090625 0.066667
0 0.117969 0.254861 0.075 0.054167
0 0.078125 0.233333 0.060938 0.041667
0 0.032813 0.277778 0.064063 0.066667
0 0.014453 0.343056 0.028906 0.088889
1 0.1875 0.231944 0.014063 0.025
1 0.165625 0.2375 0.017188 0.025
1 0.476562 0.422222 0.028125 0.097222
1 0.630859 0.447917 0.033594 0.098611
1 0.228906 0.502083 0.034375 0.134722
