0 0.410889 0.891927 0.23291 0.214844
0 0.473145 0.670247 0.174805 0.275391
1 0.497803 0.524089 0.043457 0.049479
1 0.547607 0.53418 0.04541 0.107422
1 0.612061 0.504883 0.046387 0.111328
1 0.790527 0.567057 0.043945 0.139323
1 0.853271 0.527995 0.046387 0.115885
1 0.814941 0.339518 0.021484 0.089193
0 0.6875 0.385417 0.177734 0.096354
0 0.916016 0.318359 0.166992 0.076823
0 0.709473 0.19987 0.051758 0.046875
1 0.685791 0.174479 0.008301 0.019531
1 0.649414 0.178711 0.005859 0.016276
1 0.654785 0.178711 0.006836 0.014974
0 0.670654 0.173503 0.062012 0.034505
0 0.668457 0.158529 0.06543 0.039714
0 0.664062 0.141276 0.052734 0.019531
1 0.629639 0.140951 0.007324 0.01237
1 0.63623 0.144531 0.006836 0.013021
0 0.636963 0.135417 0.023926 0.027344
0 0.617432 0.131836 0.024902 0.027995
0 0.606689 0.129232 0.026855 0.029297
1 0.64502 0.207357 0.014648 0.021484
0 0.602783 0.186523 0.024902 0.04362
0 0.568359 0.174154 0.057617 0.039714
0 0.468994 0.141927 0.027832 0.03125
0 0.468994 0.113281 0.02002 0.023438
0 0.466309 0.104818 0.017578 0.016927
0 0.460449 0.097982 0.016602 0.016276
0 0.435547 0.065104 0.012695 0.010417
0 0.42334 0.071615 0.012695 0.013021
1 0.388184 0.120117 0.007812 0.025391
1 0.380615 0.120117 0.007324 0.024089
0 0.392334 0.099935 0.018066 0.01888
0 0.371582 0.068034 0.008789 0.020182
0 0.346924 0.115234 0.02002 0.026042
1 0.304688 0.123047 0.007812 0.019531
0 0.379395 0.066732 0.009766 0.014974
1 0.268555 0.119792 0.004883 0.029948
1 0.271973 0.119466 0.003906 0.029297
0 0.217773 0.136393 0.040039 0.030599
0 0.194824 0.146484 0.026367 0.036458
0 0.178711 0.390951 0.201172 0.117839
1 0.340332 0.283203 0.017578 0.080729
1 0.424316 0.244792 0.022461 0.048177
1 0.327148 0.241862 0.020508 0.046224
0 0.281006 0.224935 0.056152 0.056641
0 0.298584 0.200521 0.054199 0.063802
1 0.163574 0.251302 0.020508 0.048177
1 0.060547 0.257812 0.019531 0.05599
1 0.25708 0.172201 0.005371 0.01888
0 0.062744 0.168945 0.050293 0.020182
0 0.099854 0.155599 0.041504 0.020833
0 0.11499 0.147135 0.038574 0.016927
