1 0.376221 0.480143 0.021973 0.085286
0 0.939453 0.450846 0.120117 0.060547
0 0.88501 0.442383 0.102051 0.061849
0 0.886963 0.426432 0.108887 0.052083
1 0.69751 0.398112 0.012207 0.039714
1 0.687012 0.391927 0.012695 0.035156
1 0.631836 0.397786 0.015625 0.033854
1 0.642822 0.387695 0.01416 0.035807
1 0.592041 0.389648 0.013184 0.041016
1 0.561035 0.38737 0.014648 0.040365
1 0.155762 0.395833 0.019531 0.052083
1 0.106201 0.335938 0.010254 0.03125
1 0.054688 0.400391 0.016602 0.054688
1 0.057617 0.387044 0.010742 0.04362
1 0.178711 0.317708 0.006836 0.027344
0 0.45874 0.309896 0.016113 0.018229
0 0.038818 0.384766 0.077637 0.046875
0 0.067139 0.399089 0.033691 0.032552
1 0.06543 0.386719 0.014648 0.039062
0 0.297607 0.374023 0.040527 0.038411
0 0.309814 0.359701 0.033691 0.039714
0 0.326172 0.338542 0.026367 0.033854
0 0.245117 0.371094 0.041992 0.040365
0 0.270264 0.352214 0.034668 0.032552
0 0.189453 0.373698 0.047852 0.040365
0 0.169922 0.356445 0.042969 0.035807
0 0.199463 0.341471 0.033691 0.031901
0 0.235352 0.345052 0.032227 0.028646
0 0.230957 0.327148 0.029297 0.022786
0 0.308594 0.320312 0.021484 0.020833
0 0.320312 0.305013 0.019531 0.014974
1 0.315674 0.295898 0.005371 0.016276
0 0.315186 0.291341 0.01416 0.014974
0 0.354736 0.306315 0.01709 0.017578
0 0.370361 0.303711 0.01709 0.016276
0 0.373779 0.295898 0.01416 0.013672
0 0.366943 0.291667 0.010254 0.010417
0 0.387695 0.292969 0.012695 0.010417
0 0.406738 0.287109 0.010742 0.009115
0 0.402588 0.282878 0.010254 0.014974
0 0.416992 0.28418 0.009766 0.008464
1 0.426758 0.284831 0.008789 0.007161
1 0.451416 0.280273 0.009277 0.008464
