0 0.61304 0.843018 0.198302 0.312988
0 0.109182 0.807617 0.216049 0.314453
0 0.116705 0.354492 0.164738 0.109375
0 0.019097 0.343018 0.038194 0.084473
0 0.268133 0.266846 0.12037 0.077637
0 0.45081 0.270508 0.114583 0.085938
0 0.261767 0.234863 0.109954 0.061523
0 0.121721 0.179199 0.051312 0.044922
0 0.089506 0.192627 0.052469 0.041504
0 0.089506 0.166992 0.035494 0.022461
0 0.05652 0.183594 0.038966 0.040039
0 0.056713 0.164551 0.035494 0.029297
0 0.0299 0.157715 0.032793 0.022461
0 0.026042 0.169678 0.043596 0.032715
0 0.005401 0.158447 0.010802 0.027832
1 0.032215 0.216553 0.021991 0.054199
1 0.008488 0.220703 0.015432 0.043945
1 0.082369 0.211182 0.015818 0.047363
1 0.101466 0.218506 0.016204 0.044434
1 0.19946 0.212891 0.01929 0.050781
1 0.284529 0.157715 0.010417 0.032227
1 0.492091 0.164307 0.022762 0.04541
1 0.578704 0.178467 0.016204 0.039551
1 0.621914 0.170654 0.013889 0.04834
1 0.649691 0.173584 0.017747 0.043457
1 0.678434 0.17749 0.013503 0.04834
1 0.690394 0.170898 0.015046 0.042969
1 0.899884 0.453369 0.039738 0.128418
0 0.553048 0.213867 0.109954 0.05957
0 0.612269 0.220703 0.12037 0.060547
0 0.766204 0.189453 0.097994 0.047852
0 0.820409 0.217285 0.126157 0.060547
0 0.737461 0.370605 0.145448 0.137695
0 0.930748 0.19165 0.094522 0.056152
0 0.971065 0.194336 0.057099 0.052734
0 0.97473 0.204102 0.049769 0.0625
