0 0.106201 0.844213 0.212402 0.310648
0 0.091431 0.681944 0.140381 0.066667
0 0.221436 0.808565 0.138184 0.241204
0 0.415527 0.839815 0.143066 0.261111
0 0.642212 0.768981 0.207275 0.461111
0 0.003052 0.347917 0.006104 0.033796
0 0.024902 0.203935 0.040527 0.0375
0 0.06311 0.199537 0.013428 0.025
0 0.258301 0.184028 0.051758 0.109722
0 0.326538 0.138426 0.014893 0.027778
0 0.396484 0.091204 0.006348 0.010185
0 0.372803 0.09537 0.01123 0.023148
0 0.350586 0.111806 0.014648 0.044907
0 0.536011 0.118981 0.009521 0.016667
1 0.523682 0.141204 0.006348 0.021296
0 0.700684 0.190278 0.047363 0.062963
1 0.692383 0.237963 0.009766 0.031481
0 0.967407 0.293056 0.064697 0.02963
0 0.945557 0.274306 0.041992 0.056944
0 0.935791 0.239815 0.125488 0.125926
0 0.841675 0.29838 0.091064 0.05787
0 0.832397 0.368519 0.118896 0.083333
1 0.87561 0.443519 0.019775 0.106481
0 0.779541 0.294444 0.073242 0.055556
0 0.711182 0.308333 0.10791 0.065741
1 0.912354 0.482176 0.029297 0.10787
1 0.947388 0.480093 0.027588 0.102778
0 0.316284 0.264815 0.093506 0.056481
0 0.477905 0.292593 0.103271 0.07963
0 0.677979 0.273611 0.065918 0.044444
0 0.634033 0.295602 0.069336 0.065278
0 0.569946 0.306481 0.099854 0.078704
