0 0.004244 0.584961 0.007716 0.110352
0 0.065779 0.483398 0.131559 0.125
0 0.122878 0.396973 0.084491 0.104492
0 0.323495 0.3125 0.072145 0.084961
0 0.440394 0.217773 0.043596 0.045898
0 0.378472 0.233154 0.046296 0.057129
0 0.375 0.205322 0.039352 0.041504
0 0.401042 0.187256 0.035108 0.038574
0 0.431713 0.159424 0.027778 0.030762
0 0.448302 0.139893 0.02392 0.024902
0 0.393711 0.161377 0.03125 0.033691
0 0.399691 0.141113 0.023148 0.023438
0 0.460455 0.118652 0.018904 0.018555
0 0.440972 0.130127 0.01929 0.022949
0 0.434992 0.123047 0.015046 0.019531
0 0.429784 0.109131 0.01466 0.01709
0 0.417438 0.116943 0.016204 0.018066
0 0.411458 0.112549 0.015818 0.01709
1 0.418596 0.083252 0.003858 0.006348
0 0.502894 0.179688 0.052855 0.083984
0 0.500579 0.131836 0.036651 0.015625
0 0.082176 0.263428 0.069444 0.062012
0 0.202353 0.220215 0.048997 0.047852
0 0.127701 0.224365 0.054784 0.04834
0 0.23804 0.186279 0.03858 0.041504
0 0.262924 0.176514 0.028164 0.033691
0 0.282793 0.158691 0.028549 0.033203
0 0.295139 0.153564 0.018519 0.025879
0 0.309414 0.145752 0.020833 0.024902
0 0.331404 0.137939 0.017747 0.023926
0 0.320795 0.125 0.01196 0.010742
0 0.283565 0.139404 0.022377 0.01123
0 0.262539 0.150391 0.025077 0.024414
0 0.271026 0.132568 0.017361 0.015137
0 0.25 0.148193 0.027006 0.025879
0 0.223573 0.159424 0.028164 0.029785
0 0.176698 0.178711 0.033179 0.03418
0 0.198302 0.151123 0.046296 0.025879
0 0.18615 0.132812 0.014275 0.019531
0 0.226659 0.11377 0.035108 0.017578
0 0.169753 0.135742 0.017747 0.025391
0 0.152199 0.143066 0.023534 0.022461
0 0.126929 0.152588 0.026235 0.029785
0 0.104745 0.161133 0.032793 0.035156
0 0.07311 0.164062 0.032022 0.03418
0 0.047647 0.175049 0.028935 0.025879
0 0.029707 0.183594 0.040895 0.032227
0 0.297068 0.123535 0.037809 0.03418
0 0.296296 0.107422 0.028549 0.009766
0 0.31983 0.113037 0.011574 0.012207
0 0.353588 0.088867 0.011188 0.012695
0 0.354552 0.122803 0.008488 0.01709
