0 0.332105 0.815488 0.180719 0.286355
0 0.691333 0.274651 0.068396 0.073207
0 0.494988 0.253237 0.081958 0.062251
0 0.443691 0.256972 0.061321 0.063745
0 0.392689 0.254731 0.048939 0.073207
0 0.289062 0.266683 0.108785 0.063247
0 0.275796 0.23257 0.042158 0.043825
0 0.033608 0.236056 0.067217 0.054781
0 0.062795 0.296564 0.122052 0.070219
0 0.956515 0.256723 0.076356 0.067231
1 0.060879 0.418327 0.031545 0.106574
1 0.269015 0.284612 0.018573 0.082171
1 0.510613 0.220369 0.011203 0.042331
1 0.678066 0.236803 0.014741 0.031375
1 0.709169 0.244024 0.013856 0.0249
1 0.708579 0.222859 0.016804 0.033367
1 0.752801 0.230827 0.009729 0.050299
