0 0.630454 0.511703 0.167158 0.334163
0 0.494104 0.530378 0.086085 0.163347
0 0.360259 0.550299 0.100825 0.151394
0 0.284198 0.350598 0.18691 0.236056
0 0.422022 0.281873 0.115271 0.146414
0 0.552771 0.230578 0.136792 0.120518
0 0.741745 0.206424 0.083726 0.079183
0 0.861881 0.1875 0.074587 0.060259
0 0.93809 0.181773 0.058962 0.058765
0 0.432488 0.182022 0.034198 0.062251
0 0.432341 0.147659 0.0227 0.011454
0 0.386645 0.212898 0.028007 0.040339
0 0.40168 0.206175 0.010908 0.023904
0 0.432341 0.205677 0.025649 0.015936
0 0.404923 0.199701 0.020932 0.027888
1 0.369104 0.201444 0.010613 0.018426
0 0.350088 0.218127 0.032724 0.041833
0 0.39431 0.178785 0.020932 0.028884
0 0.302919 0.188745 0.044517 0.039841
0 0.338738 0.167829 0.028892 0.021912
0 0.361439 0.16509 0.021226 0.031375
0 0.348762 0.158865 0.017689 0.008964
0 0.372347 0.156624 0.023585 0.016434
0 0.18352 0.198954 0.026238 0.01743
0 0.135613 0.198456 0.033608 0.02739
0 0.129717 0.214392 0.017099 0.005478
0 0.10569 0.201444 0.030955 0.025398
0 0.160525 0.189492 0.030366 0.019422
0 0.165979 0.180279 0.019458 0.00996
0 0.428508 0.133466 0.012677 0.00996
0 0.438237 0.121514 0.006781 0.00996
0 0.44885 0.119024 0.013856 0.016932
0 0.457842 0.124004 0.009434 0.010956
0 0.486144 0.125747 0.010024 0.00747
1 0.512824 0.159363 0.005012 0.012948
1 0.522111 0.164841 0.005307 0.022908
0 0.655218 0.186255 0.034493 0.023904
0 0.788325 0.186753 0.011203 0.00996
0 0.796433 0.184512 0.026828 0.015438
0 0.802476 0.18252 0.022995 0.021414
0 0.787441 0.177789 0.010613 0.008964
1 0.817512 0.184014 0.005307 0.018426
0 0.982901 0.23008 0.033608 0.031873
0 0.934847 0.242281 0.03184 0.040339
0 0.994251 0.314741 0.010908 0.02988
1 0.950619 0.285359 0.016215 0.046813
1 0.974057 0.294572 0.01592 0.049303
1 0.983785 0.320966 0.014741 0.066235
1 0.920843 0.294074 0.00737 0.015438
0 0.970371 0.389193 0.058667 0.066235
1 0.86763 0.265687 0.005896 0.018426
1 0.181751 0.263197 0.012677 0.052291
1 0.201061 0.231823 0.011792 0.034363
1 0.120136 0.273157 0.016804 0.046315
1 0.068838 0.285359 0.017983 0.049801
1 0.067512 0.288347 0.017099 0.020916
1 0.01135 0.264691 0.015625 0.026394
1 0.183962 0.238546 0.010613 0.026892
1 0.272995 0.192231 0.007665 0.031873
1 0.268573 0.19248 0.005896 0.032371
1 0.295696 0.193476 0.005896 0.029382
1 0.283166 0.191484 0.006191 0.032371
