0 0.542484 0.678711 0.172386 0.240234
1 0.541258 0.281494 0.028595 0.056152
1 0.131332 0.220215 0.015114 0.047852
1 0.313113 0.264648 0.018382 0.053711
0 0.571691 0.215332 0.04616 0.042969
0 0.50817 0.216797 0.04902 0.044922
0 0.490196 0.205811 0.035131 0.036621
0 0.520221 0.183838 0.035539 0.031738
0 0.542279 0.17041 0.036356 0.032227
0 0.502859 0.151367 0.030229 0.026367
0 0.574551 0.143066 0.03799 0.019531
1 0.490605 0.132324 0.007353 0.020508
0 0.425858 0.135742 0.012663 0.014648
1 0.649918 0.164307 0.008987 0.030762
1 0.821691 0.233154 0.009395 0.029785
1 0.88848 0.234863 0.008987 0.024414
1 0.995302 0.227295 0.006944 0.01709
1 0.937704 0.225342 0.007761 0.01416
0 0.977328 0.263184 0.044526 0.050781
0 0.9279 0.256104 0.112337 0.050293
1 0.617851 0.175049 0.007761 0.01709
