0 0.805867 0.82744 0.387677 0.344124
0 0.59316 0.775647 0.170991 0.258466
0 0.45681 0.868277 0.191922 0.26245
0 0.117925 0.960657 0.190448 0.077689
0 0.185879 0.761703 0.154186 0.260458
0 0.387382 0.62002 0.117335 0.202191
0 0.547907 0.585159 0.128243 0.180279
0 0.197376 0.369024 0.215507 0.247012
0 0.491303 0.313994 0.121167 0.083167
0 0.833726 0.276643 0.102594 0.078187
0 0.803803 0.268675 0.08638 0.062251
1 0.756633 0.460657 0.020932 0.078685
1 0.707842 0.427789 0.028892 0.075697
1 0.701356 0.403137 0.018278 0.061255
1 0.642689 0.413098 0.022406 0.093127
1 0.604216 0.379482 0.024469 0.085657
1 0.747347 0.391185 0.028892 0.088147
1 0.797317 0.378735 0.0227 0.088147
1 0.708284 0.393177 0.02388 0.087151
1 0.703567 0.367032 0.0227 0.073705
1 0.653302 0.369273 0.025943 0.078187
0 0.947524 0.23257 0.104363 0.131474
0 0.832989 0.219373 0.246757 0.138944
0 0.705189 0.210657 0.0625 0.053785
0 0.661704 0.200199 0.068101 0.046813
0 0.626769 0.196215 0.050708 0.041833
0 0.609375 0.191982 0.043632 0.040339
1 0.590065 0.256225 0.014446 0.061255
1 0.542305 0.201942 0.012087 0.044323
0 0.547317 0.148157 0.02388 0.032371
0 0.516509 0.146165 0.043042 0.02739
0 0.392836 0.18999 0.032724 0.035359
0 0.318396 0.281624 0.063679 0.055279
0 0.310289 0.245269 0.030955 0.051295
0 0.312058 0.231325 0.027417 0.045319
0 0.26135 0.241783 0.032724 0.048307
0 0.269605 0.229582 0.029186 0.048805
0 0.277417 0.213894 0.027123 0.041335
0 0.206663 0.249004 0.041274 0.045817
0 0.222877 0.234562 0.035377 0.056773
0 0.235407 0.219871 0.029186 0.034363
0 0.243367 0.206922 0.025649 0.036355
0 0.251327 0.194223 0.0227 0.031873
0 0.259729 0.187998 0.022995 0.036355
0 0.269163 0.177291 0.018278 0.030876
0 0.158756 0.252988 0.041568 0.048805
0 0.185584 0.236305 0.026828 0.041335
0 0.197376 0.223606 0.025059 0.040837
0 0.209611 0.210408 0.03066 0.044323
0 0.211969 0.198456 0.024175 0.042331
0 0.292158 0.1499 0.017689 0.021912
1 0.138267 0.192978 0.007665 0.02241
1 0.138856 0.188745 0.007665 0.028884
1 0.165242 0.168576 0.006781 0.024402
1 0.15625 0.159861 0.007075 0.021912
1 0.056456 0.222361 0.009729 0.028386
1 0.06309 0.200199 0.009434 0.032869
0 0.089475 0.321215 0.081073 0.074701
0 0.028302 0.345867 0.056604 0.081175
1 0.032724 0.289841 0.013561 0.052789
1 0.020489 0.289094 0.012087 0.034363
1 0.006928 0.295319 0.012087 0.055777
1 0.006928 0.27241 0.012677 0.041833
1 0.022258 0.249502 0.009729 0.034861
1 0.022111 0.260956 0.011792 0.031873
1 0.005749 0.244024 0.010908 0.044821
