0 0.029375 0.3775 0.0575 0.1
1 0.10625 0.200833 0.0125 0.028333
0 0.220938 0.204583 0.045625 0.054167
0 0.314375 0.177917 0.03125 0.035833
0 0.358438 0.1675 0.030625 0.041667
0 0.405938 0.222083 0.035625 0.059167
0 0.402188 0.112083 0.016875 0.024167
0 0.371875 0.134583 0.02125 0.024167
0 0.52875 0.218333 0.04 0.065
0 0.50125 0.167917 0.025 0.0325
0 0.541875 0.162083 0.0275 0.0425
0 0.55 0.12 0.0175 0.023333
0 0.51125 0.128333 0.02 0.026667
0 0.514687 0.106667 0.014375 0.018333
0 0.527188 0.117917 0.015625 0.0225
0 0.555625 0.087083 0.0125 0.014167
