0 0.560547 0.149306 0.027344 0.034722
0 0.545312 0.157639 0.054688 0.034722
0 0.54375 0.166667 0.05625 0.036111
0 0.590234 0.247222 0.091406 0.058333
0 0.635547 0.270139 0.094531 0.059722
0 0.870313 0.203472 0.034375 0.043056
0 0.908594 0.201389 0.035938 0.05
0 0.978516 0.190972 0.041406 0.084722
0 0.942969 0.199306 0.03125 0.045833
0 0.950391 0.254167 0.053906 0.044444
0 0.9625 0.295139 0.05625 0.0625
0 0.885938 0.275 0.079688 0.066667
0 0.91875 0.309028 0.10625 0.070833
0 0.864453 0.358333 0.122656 0.086111
0 0.819922 0.286806 0.067969 0.068056
0 0.775781 0.306944 0.110938 0.075
0 0.676563 0.174306 0.053125 0.040278
0 0.508984 0.330556 0.110156 0.075
0 0.476562 0.352083 0.123438 0.081944
0 0.373438 0.270139 0.08125 0.056944
1 0.298047 0.220139 0.010156 0.045833
0 0.330859 0.242361 0.072656 0.045833
0 0.241406 0.252778 0.079688 0.044444
1 0.214844 0.220833 0.009375 0.041667
1 0.191797 0.225694 0.007031 0.0375
1 0.175781 0.225 0.007812 0.05
0 0.164062 0.263194 0.015625 0.045833
0 0.107422 0.28125 0.125781 0.104167
0 0.052344 0.327778 0.067187 0.058333
0 0.023438 0.372917 0.045313 0.079167
0 0.083984 0.396528 0.085156 0.109722
0 0.123828 0.455556 0.083594 0.113889
0 0.205859 0.519444 0.091406 0.141667
1 0.205469 0.579167 0.034375 0.113889
0 0.214063 0.334028 0.107813 0.076389
0 0.801953 0.95625 0.194531 0.084722
1 0.498828 0.604167 0.017969 0.116667
1 0.514062 0.634722 0.035938 0.15
1 0.883203 0.589583 0.033594 0.129167
0 0.019531 0.251389 0.03125 0.041667
