0 0.503662 0.823611 0.163086 0.330556
0 0.751831 0.869444 0.20874 0.249074
0 0.425659 0.373843 0.13501 0.098611
0 0.569092 0.352083 0.120605 0.09213
0 0.676392 0.262269 0.111572 0.10787
0 0.513062 0.278241 0.093994 0.055556
0 0.489258 0.259491 0.104004 0.059722
0 0.383301 0.237269 0.078613 0.050463
0 0.284668 0.247685 0.084961 0.059259
0 0.210449 0.224074 0.066895 0.041667
0 0.105591 0.233796 0.087158 0.05463
0 0.244385 0.178935 0.030762 0.043056
0 0.465088 0.112731 0.008789 0.014352
0 0.45874 0.102315 0.006348 0.012963
0 0.464844 0.09375 0.004883 0.009722
0 0.471436 0.097222 0.004883 0.007407
0 0.477417 0.096991 0.00415 0.006019
0 0.459595 0.092824 0.004639 0.006944
0 0.415405 0.105324 0.007568 0.0125
