0 0.081958 0.828187 0.107901 0.222112
0 0.228331 0.759213 0.426592 0.480578
1 0.734228 0.758217 0.038031 0.132968
0 0.709906 0.366285 0.152712 0.125
0 0.569723 0.306275 0.126474 0.094622
0 0.799528 0.263695 0.054245 0.068227
1 0.676739 0.25 0.016215 0.069721
1 0.396669 0.209163 0.014446 0.043825
0 0.039062 0.282869 0.073998 0.063745
0 0.397995 0.118526 0.040094 0.076693
0 0.481722 0.106823 0.024764 0.052291
0 0.463443 0.10508 0.016509 0.022908
1 0.662146 0.143924 0.007075 0.027888
1 0.655071 0.142928 0.006486 0.020916
1 0.62161 0.137948 0.006781 0.021912
1 0.498526 0.100598 0.005307 0.018924
