1 0.032282 0.551046 0.042158 0.125996
1 0.013414 0.368775 0.02388 0.084163
0 0.254422 0.257968 0.054835 0.049801
0 0.266067 0.254233 0.050413 0.052291
0 0.269605 0.243028 0.05513 0.058765
0 0.295843 0.236803 0.05395 0.061255
0 0.240566 0.222859 0.037736 0.048307
0 0.136645 0.225598 0.049823 0.063745
0 0.341539 0.212898 0.050413 0.056275
0 0.376327 0.201195 0.043927 0.045817
0 0.416126 0.185508 0.042158 0.042331
1 0.342423 0.324452 0.026828 0.068227
0 0.529334 0.181773 0.02329 0.028884
0 0.540389 0.170568 0.018278 0.024402
0 0.550855 0.164592 0.018573 0.024402
0 0.552182 0.190737 0.020637 0.02988
1 0.592129 0.161604 0.006781 0.026394
0 0.583284 0.157869 0.017394 0.022908
1 0.555572 0.140936 0.00796 0.01992
1 0.5625 0.142928 0.004127 0.01992
0 0.612176 0.152888 0.016215 0.026892
0 0.651091 0.162351 0.030366 0.027888
0 0.653597 0.129482 0.024764 0.027888
0 0.637087 0.222112 0.028892 0.043825
0 0.700177 0.375498 0.107311 0.084661
1 0.764004 0.267928 0.013267 0.037849
1 0.813384 0.320468 0.017689 0.058267
0 0.049381 0.25996 0.049233 0.066733
