1 0.419531 0.3375 0.020313 0.073148
0 0.75026 0.628704 0.498437 0.740741
1 0.948437 0.447222 0.028125 0.072222
0 0.527865 0.110648 0.019271 0.041667
0 0.501302 0.157407 0.072396 0.090741
0 0.507292 0.107407 0.025 0.025926
0 0.497917 0.089352 0.0125 0.025
0 0.489063 0.094444 0.009375 0.011111
0 0.493229 0.068519 0.004167 0.007407
0 0.526823 0.084259 0.005729 0.009259
0 0.545573 0.101389 0.007812 0.013889
0 0.490104 0.063889 0.004167 0.007407
0 0.476823 0.066204 0.003646 0.006481
0 0.473438 0.066667 0.003125 0.005556
0 0.476042 0.071296 0.005208 0.009259
0 0.463281 0.077778 0.004687 0.007407
0 0.452083 0.082407 0.0125 0.033333
0 0.440625 0.091204 0.017708 0.041667
0 0.439583 0.109722 0.011458 0.021296
0 0.429427 0.105093 0.010937 0.010185
0 0.43125 0.109259 0.010417 0.005556
0 0.430469 0.118981 0.010937 0.015741
0 0.378646 0.169907 0.026042 0.030556
0 0.415625 0.164352 0.020833 0.036111
0 0.426042 0.124537 0.00625 0.023148
0 0.3875 0.162037 0.016667 0.02963
0 0.395573 0.152315 0.015104 0.026852
0 0.405208 0.147222 0.0125 0.025926
0 0.408333 0.143519 0.0125 0.02963
0 0.429167 0.15463 0.015625 0.027778
1 0.434635 0.176852 0.008854 0.037037
0 0.513542 0.074074 0.005208 0.007407
0 0.501823 0.068519 0.004687 0.007407
0 0.414323 0.106944 0.027604 0.069444
0 0.396875 0.10463 0.023958 0.057407
0 0.386198 0.13287 0.008854 0.021296
0 0.353906 0.139815 0.063021 0.094444
1 0.382031 0.102315 0.003646 0.012037
1 0.270573 0.159259 0.006771 0.025926
1 0.274479 0.163889 0.00625 0.02037
1 0.313802 0.146296 0.009896 0.012963
1 0.040885 0.20787 0.009896 0.034259
0 0.290104 0.275926 0.251042 0.161111
1 0.948437 0.455556 0.030208 0.072222
1 0.951042 0.452778 0.030208 0.068519
