1 0.306519 0.168287 0.007568 0.031019
1 0.273071 0.174074 0.009033 0.030556
0 0.010498 0.198148 0.020996 0.037963
0 0.055664 0.190509 0.046387 0.036574
0 0.042603 0.184722 0.031006 0.025
0 0.078125 0.175463 0.027344 0.034259
0 0.097534 0.173843 0.023682 0.025463
0 0.106567 0.181713 0.019775 0.025463
0 0.116943 0.1625 0.023926 0.012963
0 0.13501 0.185185 0.049316 0.035185
0 0.145264 0.162269 0.019531 0.023611
0 0.16748 0.162963 0.024902 0.033333
0 0.194214 0.158333 0.022217 0.035185
0 0.217773 0.152315 0.015625 0.026852
0 0.224121 0.159722 0.022949 0.036111
0 0.250977 0.163194 0.047852 0.034722
0 0.251221 0.141667 0.01416 0.012037
0 0.290039 0.156944 0.030273 0.032407
0 0.308594 0.148843 0.021484 0.026389
0 0.331787 0.139352 0.021484 0.028704
0 0.344482 0.133796 0.015625 0.025
0 0.354126 0.113426 0.012451 0.012037
0 0.356079 0.129398 0.010986 0.020833
0 0.400635 0.103704 0.007812 0.015741
0 0.386841 0.109259 0.009033 0.015741
1 0.417725 0.108102 0.003906 0.016204
1 0.425171 0.094907 0.00415 0.016667
1 0.443359 0.108102 0.003418 0.018981
0 0.449707 0.076389 0.006348 0.009259
0 0.454956 0.097685 0.017334 0.012963
0 0.473999 0.092593 0.010986 0.015741
0 0.436401 0.091898 0.011963 0.013426
0 0.560059 0.065972 0.005859 0.006019
0 0.541626 0.080556 0.010498 0.013889
0 0.516602 0.091435 0.015625 0.020833
0 0.578003 0.069907 0.00708 0.009259
1 0.7323 0.167593 0.006104 0.042593
1 0.744995 0.165046 0.00708 0.038426
1 0.782837 0.181481 0.007568 0.027778
1 0.776489 0.17338 0.005615 0.014352
1 0.946655 0.206481 0.009521 0.031481
0 0.943604 0.194676 0.061523 0.04213
0 0.861816 0.157639 0.04541 0.030093
0 0.847168 0.153472 0.031738 0.025463
0 0.844727 0.147222 0.035645 0.024074
0 0.817871 0.16412 0.033691 0.036574
0 0.792847 0.153472 0.025635 0.041204
0 0.761963 0.115278 0.013184 0.019444
0 0.750732 0.106944 0.010742 0.021296
0 0.772461 0.150694 0.018066 0.030093
0 0.761475 0.145139 0.017578 0.029167
0 0.751099 0.128009 0.010986 0.016204
0 0.816772 0.135185 0.034912 0.023148
0 0.807861 0.125463 0.043457 0.015741
0 0.799072 0.12338 0.024902 0.0125
