0 0.012824 0.880727 0.025059 0.148904
1 0.826798 0.49502 0.03921 0.154382
1 0.781987 0.467131 0.033903 0.131474
0 0.62043 0.498257 0.096403 0.199701
0 0.933225 0.327938 0.13296 0.087151
0 0.739534 0.273904 0.087559 0.067729
0 0.816627 0.208665 0.040684 0.047809
0 0.78184 0.207918 0.053656 0.056275
0 0.86306 0.20742 0.033314 0.053287
0 0.895932 0.214641 0.041274 0.059761
0 0.925118 0.218376 0.044222 0.060259
0 0.97671 0.219622 0.028302 0.057769
0 0.990713 0.229084 0.017983 0.052789
1 0.702093 0.17505 0.010908 0.042331
0 0.659935 0.126743 0.016215 0.02241
0 0.655071 0.121016 0.016509 0.016932
0 0.644163 0.117281 0.009434 0.018426
0 0.638856 0.115538 0.008255 0.018924
0 0.644605 0.108068 0.011498 0.010956
0 0.649912 0.105329 0.012677 0.011454
0 0.593455 0.169821 0.029481 0.036853
1 0.575177 0.168078 0.011203 0.036355
0 0.575767 0.148904 0.022995 0.025896
0 0.561173 0.145916 0.017394 0.026892
0 0.567217 0.135956 0.016509 0.018924
1 0.577683 0.134711 0.010318 0.010458
0 0.612471 0.097112 0.011498 0.015936
0 0.614239 0.112052 0.006781 0.01494
0 0.57046 0.109064 0.012382 0.025896
0 0.562058 0.096614 0.009729 0.015936
0 0.552329 0.090637 0.006781 0.010956
0 0.531397 0.132968 0.026828 0.048805
0 0.519458 0.169074 0.024764 0.035359
0 0.514446 0.120767 0.013561 0.01743
0 0.514888 0.11255 0.012677 0.013944
1 0.506338 0.114791 0.006781 0.019422
0 0.487471 0.149402 0.019752 0.034861
0 0.48806 0.103835 0.00855 0.016434
0 0.470519 0.113546 0.014151 0.013944
0 0.455926 0.119522 0.017983 0.016932
0 0.401975 0.124751 0.016215 0.02241
0 0.411262 0.122261 0.010613 0.013446
0 0.387235 0.132968 0.022111 0.021912
0 0.296433 0.157869 0.019752 0.015936
0 0.207105 0.188247 0.020932 0.022908
0 0.190743 0.196713 0.028302 0.0249
0 0.325177 0.263446 0.052476 0.072709
0 0.196492 0.337898 0.076946 0.077191
1 0.154334 0.266185 0.017394 0.056275
0 0.121167 0.31499 0.071934 0.103088
0 0.146669 0.208416 0.028597 0.02739
0 0.159788 0.411853 0.108491 0.115538
