0 0.492676 0.427409 0.249023 0.130859
0 0.465576 0.272135 0.069824 0.070312
0 0.375977 0.235677 0.037109 0.039062
0 0.325195 0.24056 0.033203 0.039714
0 0.366211 0.227539 0.027344 0.035807
0 0.318115 0.227539 0.032715 0.042318
0 0.350342 0.204427 0.022949 0.029948
0 0.314209 0.203776 0.023926 0.029948
0 0.28833 0.200195 0.021973 0.022786
0 0.337158 0.182292 0.01709 0.019531
0 0.021973 0.293945 0.043945 0.037109
0 0.029541 0.277018 0.059082 0.038411
0 0.029053 0.263672 0.058105 0.028646
0 0.059814 0.267904 0.032715 0.041016
0 0.299805 0.167318 0.014648 0.020833
0 0.323486 0.163086 0.01416 0.025391
0 0.345947 0.155924 0.012207 0.011068
0 0.368408 0.151042 0.01416 0.009115
0 0.312988 0.157552 0.007812 0.011719
0 0.315674 0.162435 0.005371 0.013672
0 0.309814 0.150716 0.008301 0.007161
0 0.332031 0.149089 0.008789 0.013021
0 0.422119 0.160482 0.013184 0.014974
0 0.404785 0.15625 0.010742 0.007812
0 0.37915 0.148438 0.008301 0.009115
0 0.321045 0.148112 0.010254 0.008464
0 0.991943 0.311523 0.015137 0.054036
1 0.641846 0.214518 0.01709 0.041016
1 0.662598 0.19401 0.009766 0.022135
1 0.027588 0.330078 0.032715 0.052083
1 0.084961 0.319336 0.024414 0.052734
1 0.083496 0.281901 0.016602 0.041667
1 0.007812 0.318359 0.015625 0.045573
1 0.169922 0.24349 0.007812 0.033854
0 0.28833 0.159831 0.012207 0.008464
