0 0.05481 0.715278 0.107666 0.326852
0 0.155762 0.871759 0.192871 0.255556
0 0.378906 0.841435 0.173828 0.306944
0 0.597046 0.773148 0.140381 0.252778
1 0.988892 0.427546 0.021729 0.105093
1 0.963501 0.410417 0.026123 0.102315
1 0.940552 0.424306 0.022705 0.119907
1 0.909546 0.422222 0.027588 0.107407
1 0.882324 0.437731 0.029785 0.111574
1 0.850708 0.402083 0.026123 0.102315
0 0.973633 0.222917 0.051758 0.043981
0 0.959595 0.209259 0.049072 0.049074
0 0.923218 0.178935 0.039795 0.036574
0 0.905273 0.209028 0.05957 0.047685
0 0.887695 0.199074 0.04834 0.041667
0 0.875122 0.191435 0.036377 0.036574
0 0.849121 0.17963 0.033203 0.042593
0 0.86731 0.17963 0.032471 0.053704
0 0.809448 0.160648 0.036865 0.034259
0 0.798706 0.173843 0.042725 0.050463
0 0.766479 0.177778 0.060303 0.052778
0 0.742676 0.16088 0.037598 0.028241
1 0.676758 0.219676 0.01709 0.0625
1 0.670288 0.209722 0.025635 0.052778
0 0.727417 0.146528 0.017334 0.027315
0 0.662842 0.170139 0.03125 0.040278
0 0.671387 0.143287 0.030273 0.028241
0 0.627197 0.147222 0.043945 0.037037
0 0.628174 0.127083 0.02002 0.023611
1 0.588379 0.149769 0.009277 0.04213
0 0.589966 0.132176 0.037842 0.029167
0 0.611328 0.120833 0.016113 0.017593
0 0.596191 0.117361 0.018555 0.022685
0 0.557861 0.094676 0.023438 0.026389
0 0.512817 0.098843 0.022705 0.019907
0 0.49939 0.075926 0.014404 0.016667
0 0.479492 0.075 0.007324 0.021296
0 0.484985 0.073843 0.005127 0.011574
0 0.473389 0.048843 0.006348 0.011574
0 0.481079 0.047685 0.010498 0.010185
0 0.460693 0.072685 0.005859 0.012963
0 0.466431 0.073843 0.009033 0.015278
0 0.46521 0.081713 0.011475 0.009722
0 0.467163 0.092593 0.010498 0.011111
0 0.470581 0.103009 0.013428 0.021759
0 0.45166 0.1125 0.01416 0.026852
0 0.4729 0.131713 0.02002 0.031019
0 0.455078 0.049074 0.006836 0.009259
0 0.44165 0.065509 0.007324 0.010648
0 0.397705 0.065509 0.007812 0.015278
0 0.382812 0.069676 0.009766 0.016204
0 0.366943 0.078935 0.005859 0.015278
0 0.355103 0.074537 0.008545 0.011111
0 0.35083 0.079861 0.007812 0.011574
0 0.346802 0.08125 0.00708 0.009722
0 0.34082 0.085417 0.007812 0.010648
0 0.326538 0.083796 0.022705 0.012037
0 0.324829 0.090509 0.02124 0.010648
0 0.317139 0.092824 0.018555 0.013426
0 0.30957 0.09838 0.015625 0.015278
0 0.303101 0.101389 0.02124 0.015741
0 0.291138 0.097917 0.007568 0.01713
0 0.365234 0.160648 0.038086 0.089815
0 0.343018 0.166204 0.008301 0.049074
0 0.323486 0.172454 0.028809 0.068981
0 0.326904 0.140046 0.03125 0.035648
0 0.305054 0.144213 0.015869 0.018056
0 0.294312 0.149537 0.010986 0.011111
0 0.296265 0.17338 0.028076 0.040278
0 0.282959 0.188194 0.03125 0.04213
0 0.276611 0.156944 0.022949 0.028704
0 0.263672 0.174769 0.021484 0.043981
0 0.245483 0.190046 0.034424 0.043981
0 0.208374 0.188426 0.036865 0.056481
0 0.233032 0.181713 0.018799 0.038426
0 0.286743 0.110648 0.013916 0.02037
0 0.278564 0.106713 0.009766 0.022685
0 0.268555 0.107639 0.010742 0.015278
0 0.273315 0.11713 0.015381 0.02037
0 0.253784 0.116435 0.016357 0.025463
0 0.247192 0.121991 0.008545 0.022685
0 0.236328 0.124769 0.015137 0.026389
0 0.217529 0.133333 0.021484 0.024074
0 0.187256 0.144907 0.017578 0.025
0 0.170898 0.147917 0.02002 0.03287
0 0.172607 0.177778 0.036133 0.033333
0 0.154297 0.157407 0.022461 0.030556
0 0.131226 0.164815 0.029053 0.034259
1 0.123657 0.181713 0.007568 0.034722
0 0.055908 0.191667 0.022461 0.037963
1 0.04541 0.208565 0.005859 0.041204
1 0.022339 0.244907 0.010986 0.044444
1 0.005371 0.243287 0.009277 0.044907
0 0.009888 0.194444 0.018311 0.035185
