0 0.350781 0.621296 0.190104 0.32963
0 0.126562 0.544444 0.253125 0.275926
0 0.038281 0.450926 0.074479 0.175926
0 0.354167 0.293056 0.084375 0.110185
0 0.461979 0.263889 0.044792 0.077778
0 0.417708 0.287963 0.028125 0.033333
0 0.435156 0.279167 0.013021 0.028704
0 0.413021 0.260648 0.034375 0.062037
0 0.427344 0.23287 0.029687 0.037963
0 0.486719 0.261111 0.009896 0.02037
0 0.572656 0.206019 0.006771 0.010185
0 0.588542 0.220833 0.016667 0.043519
0 0.895052 0.273148 0.171354 0.125926
0 0.879427 0.293519 0.051562 0.094444
0 0.947135 0.27963 0.104688 0.114815
1 0.97526 0.47963 0.020313 0.088889
0 0.514844 0.851852 0.146354 0.283333
