0 0.017822 0.963657 0.035645 0.071759
0 0.250488 0.814352 0.157715 0.262037
0 0.116699 0.712731 0.162598 0.21713
0 0.635254 0.742361 0.138184 0.239352
1 0.882202 0.534954 0.029541 0.125463
1 0.745239 0.550694 0.034912 0.145833
1 0.734253 0.50625 0.032471 0.130093
1 0.924683 0.475926 0.017822 0.073148
1 0.877808 0.364815 0.022705 0.086111
1 0.92041 0.340046 0.018066 0.066204
1 0.950928 0.359259 0.020508 0.078704
1 0.744629 0.190046 0.008301 0.039352
1 0.737183 0.188194 0.01001 0.050463
1 0.723022 0.195833 0.011963 0.048148
1 0.035767 0.190741 0.010498 0.047222
1 0.063232 0.190046 0.01123 0.044907
1 0.077026 0.175 0.008545 0.041667
1 0.599487 0.173611 0.007568 0.025
1 0.592407 0.177546 0.012939 0.040278
1 0.568359 0.171296 0.011719 0.033333
1 0.551392 0.163657 0.010986 0.030093
1 0.539185 0.124769 0.006104 0.018056
0 0.048828 0.253241 0.074707 0.057407
0 0.308716 0.234491 0.06665 0.065278
0 0.363525 0.216204 0.057129 0.056481
0 0.510376 0.25787 0.093018 0.071296
0 0.906372 0.26088 0.077881 0.063426
0 0.886108 0.252083 0.053467 0.053241
0 0.862915 0.246759 0.065186 0.056481
0 0.827148 0.230093 0.064941 0.055556
0 0.759644 0.216898 0.069092 0.056019
0 0.498779 0.13912 0.020508 0.031944
0 0.457031 0.111343 0.01709 0.025463
0 0.47998 0.091667 0.013184 0.02037
0 0.418335 0.127778 0.046143 0.037037
0 0.413086 0.098843 0.01416 0.027315
0 0.417358 0.081481 0.011963 0.016667
0 0.434692 0.076852 0.01001 0.015741
0 0.424438 0.06875 0.009033 0.016204
0 0.447266 0.069907 0.009277 0.017593
0 0.452637 0.067361 0.008789 0.015278
0 0.454224 0.059028 0.006592 0.011574
0 0.440552 0.065046 0.01001 0.016204
0 0.431763 0.061343 0.012939 0.01713
0 0.442261 0.053935 0.00708 0.010648
0 0.445435 0.050231 0.004639 0.009722
0 0.447144 0.049769 0.005615 0.0125
0 0.44751 0.038194 0.004883 0.006944
0 0.439941 0.047685 0.008789 0.011111
0 0.442505 0.045139 0.006592 0.013426
0 0.441162 0.037269 0.004883 0.006019
0 0.41687 0.045602 0.006104 0.008796
0 0.412964 0.049537 0.006104 0.010185
0 0.427368 0.034954 0.004639 0.008796
0 0.395142 0.068981 0.010986 0.014815
0 0.362061 0.074769 0.012695 0.01713
0 0.380371 0.094676 0.018066 0.028241
0 0.358398 0.084722 0.013184 0.018519
0 0.359131 0.121296 0.020996 0.031481
1 0.370117 0.11412 0.005371 0.023611
0 0.338135 0.131481 0.021973 0.041667
0 0.322632 0.070602 0.010986 0.016204
0 0.308716 0.065278 0.017822 0.016667
0 0.30127 0.077778 0.012695 0.017593
1 0.30957 0.077083 0.00293 0.01713
0 0.321533 0.131944 0.01123 0.02963
0 0.291748 0.130556 0.053223 0.075926
0 0.258545 0.176852 0.032227 0.046296
0 0.270264 0.16713 0.029297 0.043519
0 0.261597 0.146759 0.023193 0.034259
0 0.263672 0.114815 0.01709 0.031481
0 0.241211 0.090046 0.015137 0.019907
0 0.222046 0.097222 0.019287 0.023148
0 0.198486 0.10787 0.01416 0.021296
0 0.182617 0.11088 0.014648 0.023611
0 0.161255 0.1125 0.013428 0.021296
0 0.166992 0.14537 0.037598 0.051852
0 0.135986 0.166898 0.03125 0.041204
0 0.136719 0.128241 0.011719 0.028704
0 0.101562 0.139815 0.027344 0.031481
0 0.077148 0.134491 0.021973 0.028241
0 0.071655 0.153009 0.028564 0.03287
0 0.046631 0.159954 0.030762 0.033796
0 0.020996 0.154861 0.032715 0.031019
0 0.009644 0.182407 0.019287 0.02963
