0 0.754492 0.947917 0.166797 0.102778
1 0.471875 0.320486 0.008594 0.027083
1 0.420313 0.284028 0.007812 0.019444
1 0.407813 0.285417 0.007031 0.020833
1 0.424805 0.28125 0.007422 0.020833
0 0.37832 0.308333 0.022266 0.0375
0 0.374609 0.2625 0.011719 0.020833
1 0.388477 0.258333 0.002734 0.015278
1 0.336133 0.269444 0.003516 0.015278
1 0.38125 0.251042 0.003125 0.015972
0 0.368164 0.252083 0.007422 0.008333
0 0.362695 0.247917 0.008984 0.011111
0 0.350195 0.246528 0.007422 0.011111
0 0.361133 0.241319 0.008203 0.00625
0 0.347266 0.236111 0.00625 0.009722
0 0.350391 0.236111 0.005469 0.009722
0 0.37168 0.244097 0.012109 0.013194
0 0.365234 0.233681 0.008594 0.010417
0 0.359766 0.232292 0.009375 0.010417
0 0.349023 0.229514 0.006641 0.00625
0 0.343945 0.229167 0.004297 0.008333
