0 0.504062 0.854583 0.189375 0.289167
0 0.529375 0.579167 0.13875 0.196667
1 0.84125 0.708333 0.0575 0.133333
1 0.818125 0.6975 0.0425 0.131667
0 0.212813 0.419167 0.103125 0.106667
0 0.1475 0.322083 0.11375 0.084167
0 0.010938 0.245417 0.020625 0.0625
0 0.395625 0.2325 0.035 0.048333
0 0.32125 0.113333 0.0325 0.031667
0 0.325 0.2 0.02875 0.031667
0 0.973438 0.350417 0.051875 0.069167
0 0.93875 0.286667 0.12125 0.06
0 0.973438 0.26125 0.051875 0.040833
0 0.962187 0.253333 0.056875 0.026667
0 0.89875 0.28 0.08875 0.053333
0 0.88625 0.264583 0.10875 0.0575
0 0.844688 0.26375 0.070625 0.0475
0 0.833125 0.24875 0.09 0.049167
0 0.756875 0.266667 0.1025 0.05
0 0.740938 0.250833 0.098125 0.031667
0 0.7325 0.247083 0.0775 0.030833
1 0.70375 0.269583 0.01625 0.050833
1 0.648125 0.255 0.0175 0.038333
0 0.628437 0.243333 0.079375 0.046667
0 0.55625 0.233333 0.05875 0.043333
0 0.528438 0.22625 0.035625 0.039167
0 0.513437 0.220833 0.028125 0.033333
0 0.509375 0.214167 0.025 0.031667
0 0.502812 0.208333 0.023125 0.03
0 0.496875 0.2025 0.02125 0.03
0 0.4925 0.200833 0.01625 0.03
0 0.488438 0.195417 0.019375 0.025833
0 0.485938 0.192083 0.016875 0.025833
0 0.481563 0.187917 0.016875 0.024167
0 0.476875 0.18625 0.0175 0.025833
0 0.472813 0.180417 0.015625 0.020833
0 0.466875 0.174583 0.01875 0.024167
0 0.45875 0.17 0.01125 0.018333
0 0.459688 0.164583 0.015625 0.020833
0 0.457188 0.1625 0.013125 0.018333
0 0.449688 0.15625 0.009375 0.014167
0 0.446875 0.15375 0.01 0.015833
0 0.444688 0.148333 0.010625 0.013333
1 0.436563 0.154583 0.004375 0.010833
1 0.322813 0.175417 0.005625 0.0125
1 0.343125 0.1675 0.005 0.01
1 0.336562 0.16125 0.005625 0.014167
