0 0.799316 0.75293 0.240234 0.205078
0 0.934082 0.661133 0.128906 0.332682
1 0.876953 0.466146 0.024414 0.046875
1 0.882812 0.441732 0.017578 0.035807
1 0.847412 0.423177 0.020996 0.042969
1 0.936279 0.386393 0.009277 0.035807
1 0.762451 0.413086 0.015137 0.051432
1 0.748779 0.411133 0.01416 0.054036
1 0.890869 0.380534 0.016113 0.026693
1 0.734863 0.385742 0.015625 0.029297
1 0.666992 0.387695 0.012695 0.035807
0 0.947021 0.414714 0.071777 0.044271
0 0.983887 0.429036 0.03125 0.046875
1 0.65332 0.395508 0.011719 0.039714
1 0.630371 0.359375 0.007812 0.026042
0 0.083984 0.467122 0.092773 0.078776
0 0.106445 0.375651 0.068359 0.039062
0 0.209473 0.396159 0.051758 0.047526
0 0.205322 0.341797 0.084473 0.085938
0 0.280029 0.386068 0.04834 0.059896
0 0.250732 0.366862 0.033691 0.039714
0 0.254639 0.336914 0.031738 0.030599
0 0.26709 0.326172 0.026367 0.026042
0 0.289795 0.33431 0.027832 0.026693
0 0.307129 0.362956 0.032227 0.042318
0 0.355469 0.369466 0.038086 0.047526
0 0.35791 0.357747 0.03418 0.034505
0 0.358154 0.349284 0.031738 0.031901
0 0.360596 0.34082 0.026855 0.030599
0 0.367676 0.329753 0.023438 0.030599
0 0.369141 0.324544 0.025391 0.029297
0 0.373047 0.318685 0.021484 0.024089
0 0.416016 0.306641 0.016602 0.019531
0 0.444336 0.305339 0.013672 0.018229
0 0.30249 0.322917 0.024902 0.027344
0 0.312988 0.348633 0.033203 0.029297
0 0.324951 0.333984 0.022949 0.02474
0 0.333984 0.328125 0.020508 0.023438
0 0.313477 0.318685 0.017578 0.026693
0 0.337891 0.306966 0.032227 0.048828
0 0.45874 0.280599 0.009277 0.010417
