0 0.232292 0.689352 0.148958 0.125
0 0.059115 0.643981 0.117188 0.110185
0 0.515365 0.66713 0.133854 0.110185
0 0.304167 0.89213 0.163542 0.173148
0 0.204687 0.315741 0.094792 0.083333
0 0.486719 0.231019 0.059896 0.056481
0 0.972917 0.952778 0.052083 0.088889
0 0.410938 0.267593 0.070833 0.064815
1 0.791667 0.624074 0.013542 0.057407
0 0.260937 0.108333 0.073958 0.062963
0 0.496615 0.80463 0.178646 0.168519
0 0.876563 0.972222 0.158333 0.053704
0 0.552865 0.205093 0.042188 0.047222
1 0.676562 0.640278 0.028125 0.078704
1 0.773698 0.634722 0.024479 0.076852
1 0.3 0.243056 0.01875 0.05463
1 0.238542 0.246759 0.014583 0.047222
