0 0.682813 0.908333 0.173958 0.159259
0 0.91849 0.849074 0.149479 0.12963
0 0.23151 0.302778 0.090104 0.075926
0 0.41224 0.268056 0.069271 0.062037
0 0.486719 0.231019 0.059896 0.05463
0 0.354687 0.253241 0.079167 0.080556
1 0.79349 0.612963 0.018229 0.081481
0 0.26224 0.111111 0.072396 0.07037
0 0.229167 0.555093 0.25625 0.256481
0 0.494792 0.631944 0.142708 0.156481
0 0.40651 0.786111 0.140104 0.131481
0 0.736198 0.803704 0.221354 0.27037
1 0.77474 0.635648 0.015104 0.078704
1 0.29974 0.239815 0.010937 0.05
