0 0.616667 0.9 0.172917 0.157407
0 0.141667 0.673148 0.172917 0.144444
0 0.394792 0.783333 0.163542 0.135185
0 0.397396 0.25787 0.080208 0.082407
1 0.983594 0.717593 0.023438 0.075926
0 0.904948 0.979167 0.153646 0.036111
1 0.915885 0.684722 0.018229 0.065741
1 0.841667 0.713889 0.022917 0.085185
1 0.263542 0.253241 0.022917 0.052778
1 0.857292 0.699074 0.015625 0.053704
1 0.727083 0.644907 0.025 0.075
0 0.251563 0.09213 0.078125 0.058333
0 0.489063 0.185648 0.091667 0.121296
0 0.577865 0.180556 0.042188 0.046296
1 0.174219 0.275 0.014063 0.064815
1 0.20599 0.259722 0.017188 0.060185
1 0.838542 0.643981 0.022917 0.060185
1 0.831771 0.621759 0.010417 0.041667
