0 0.384635 0.760185 0.147396 0.15
0 0.416667 0.268056 0.069792 0.067593
0 0.046615 0.330556 0.092188 0.077778
0 0.496615 0.22963 0.061979 0.059259
0 0.021094 0.66713 0.042188 0.123148
1 0.570573 0.445833 0.016146 0.067593
0 0.307292 0.278704 0.085417 0.083333
1 0.794271 0.610648 0.015625 0.080556
0 0.26276 0.108333 0.074479 0.062963
1 0.217448 0.268519 0.016146 0.062963
1 0.278646 0.238889 0.013542 0.042593
1 0.311458 0.22037 0.009375 0.033333
1 0.317969 0.212037 0.010937 0.031481
1 0.394792 0.201389 0.014583 0.052778
1 0.350521 0.211111 0.015625 0.040741
