0 0.410938 0.2125 0.076042 0.080556
1 0.645833 0.521296 0.01875 0.090741
0 0.373437 0.345833 0.103125 0.087963
1 0.229687 0.218981 0.017708 0.069444
0 0.946094 0.868056 0.104688 0.071296
0 0.932812 0.943519 0.132292 0.105556
1 0.011719 0.538426 0.022396 0.063889
0 0.746615 0.779167 0.115104 0.136111
1 0.68151 0.567593 0.022396 0.066667
0 0.605469 0.785185 0.186979 0.194444
0 0.21849 0.050463 0.084896 0.065741
0 0.979687 0.87963 0.038542 0.044444
1 0.192188 0.225463 0.020833 0.069444
1 0.347396 0.129167 0.013542 0.060185
