0 0.154688 0.661111 0.154167 0.131481
0 0.48099 0.801852 0.169271 0.151852
0 0.364323 0.291204 0.071354 0.073148
1 0.640625 0.479167 0.015625 0.078704
1 0.71224 0.580556 0.016146 0.077778
1 0.552344 0.505093 0.017188 0.047222
1 0.267969 0.250463 0.017188 0.065741
1 0.171615 0.271296 0.017188 0.051852
0 0.26224 0.10787 0.073438 0.065741
0 0.513542 0.195833 0.141667 0.134259
1 0.204948 0.280556 0.015104 0.057407
1 0.057812 0.281019 0.015625 0.05463
1 0.06849 0.280093 0.010937 0.04537
1 0.322917 0.224074 0.0125 0.046296
