0 0.816667 0.903704 0.144792 0.125926
0 0.590365 0.795833 0.131771 0.123148
0 0.39974 0.697222 0.120313 0.1
0 0.217969 0.628241 0.128646 0.091667
0 0.42474 0.3125 0.060937 0.065741
1 0.85599 0.662037 0.016146 0.059259
1 0.909115 0.668981 0.017188 0.049074
1 0.791667 0.623611 0.023958 0.058333
0 0.314063 0.1875 0.059375 0.05463
0 0.494271 0.256019 0.069792 0.100926
0 0.557813 0.253704 0.023958 0.027778
1 0.256771 0.325 0.010417 0.05
1 0.282292 0.312037 0.009375 0.048148
1 0.307292 0.309259 0.007292 0.040741
1 0.319792 0.29213 0.010417 0.041667
1 0.341667 0.264815 0.009375 0.044444
1 0.678385 0.607407 0.017188 0.064815
1 0.710938 0.581944 0.014583 0.05463
1 0.717969 0.584259 0.013021 0.040741
1 0.752865 0.643519 0.013021 0.046296
