0 0.688021 0.928241 0.172917 0.137963
0 0.196615 0.685185 0.146354 0.131481
0 0.43099 0.781019 0.153646 0.136111
0 0.416667 0.26713 0.069792 0.067593
0 0.497396 0.230093 0.0625 0.058333
1 0.62474 0.572685 0.016146 0.04537
1 0.275521 0.244907 0.017708 0.050926
1 0.216146 0.269907 0.022917 0.05463
0 0.261719 0.10787 0.075521 0.065741
0 0.901042 0.980556 0.166667 0.037037
1 0.627865 0.621296 0.021354 0.092593
1 0.753646 0.656019 0.01875 0.075
1 0.346615 0.231481 0.017188 0.061111
1 0.315625 0.225463 0.0125 0.043519
