0 0.316146 0.503241 0.130208 0.126852
1 0.828385 0.419907 0.019271 0.086111
1 0.861719 0.507407 0.017188 0.087037
0 0.784896 0.968519 0.230208 0.061111
1 0.207292 0.488426 0.026042 0.069444
1 0.539583 0.123611 0.014583 0.067593
0 0.365365 0.032407 0.093229 0.064815
1 0.442188 0.127778 0.010417 0.064815
0 0.09974 0.3625 0.198437 0.230556
0 0.794792 0.873611 0.214583 0.206481
0 0.932552 0.892593 0.133854 0.172222
1 0.491667 0.132407 0.015625 0.07037
1 0.574219 0.101389 0.013021 0.067593
1 0.60599 0.0875 0.016146 0.067593
