0 0.923438 0.924074 0.151042 0.142593
0 0.617969 0.781944 0.150521 0.130556
0 0.669792 0.732407 0.135417 0.118519
1 0.16224 0.265741 0.015104 0.061111
1 0.531771 0.441204 0.020833 0.062037
1 0.359896 0.505556 0.017708 0.055556
1 0.615365 0.392593 0.015104 0.062963
1 0.165365 0.58287 0.016146 0.039815
1 0.676562 0.544444 0.020833 0.061111
0 0.261719 0.106019 0.076563 0.063889
1 0.649219 0.391204 0.015104 0.069444
1 0.761719 0.666204 0.020313 0.087963
1 0.794792 0.691667 0.010417 0.083333
1 0.385417 0.181019 0.014583 0.047222
