1 0.46224 0.552778 0.010937 0.048148
0 0.761719 0.881019 0.119271 0.106481
0 0.36224 0.293519 0.044271 0.042593
1 0.21276 0.679167 0.013021 0.063889
1 0.201042 0.678704 0.014583 0.072222
0 0.888542 0.845833 0.114583 0.134259
1 0.314063 0.287963 0.008333 0.031481
0 0.521094 0.761574 0.033854 0.097222
0 0.221615 0.233333 0.052604 0.046296
0 0.48125 0.662037 0.121875 0.114815
0 0.511198 0.615741 0.053646 0.02963
0 0.684115 0.673611 0.138021 0.097222
0 0.706771 0.757407 0.090625 0.116667
1 0.164844 0.348148 0.016146 0.042593
