0 0.654167 0.796759 0.15625 0.119444
0 0.68724 0.923148 0.174479 0.144444
0 0.127344 0.456944 0.108854 0.089815
0 0.485937 0.231944 0.059375 0.05463
0 0.411719 0.265741 0.071354 0.066667
0 0.01224 0.614352 0.024479 0.087963
0 0.269271 0.70787 0.175 0.158333
1 0.114062 0.530556 0.029167 0.07963
0 0.553125 0.203241 0.040625 0.039815
1 0.272917 0.585185 0.026042 0.068519
1 0.469271 0.16713 0.013542 0.047222
1 0.14974 0.90463 0.020313 0.107407
0 0.564844 0.973611 0.043229 0.047222
0 0.26224 0.106019 0.078646 0.069444
1 0.392969 0.526852 0.015104 0.064815
1 0.408594 0.525 0.016146 0.044444
1 0.23776 0.25463 0.018229 0.064815
1 0.28099 0.241204 0.013021 0.052778
