0 0.109115 0.709722 0.096354 0.080556
0 0.64401 0.845833 0.101562 0.09537
0 0.40599 0.743519 0.097396 0.088889
0 0.313021 0.774537 0.103125 0.093519
0 0.56849 0.888426 0.110937 0.106481
1 0.385417 0.65 0.015625 0.044444
0 0.214844 0.334259 0.051562 0.044444
1 0.485937 0.648148 0.014583 0.055556
1 0.359896 0.668519 0.014583 0.048148
1 0.254167 0.655556 0.019792 0.044444
1 0.214583 0.580556 0.016667 0.05
1 0.114062 0.462037 0.0125 0.040741
1 0.151042 0.455556 0.014583 0.040741
1 0.183594 0.434259 0.013021 0.033333
1 0.209115 0.43287 0.011979 0.036111
1 0.239062 0.42963 0.011458 0.033333
1 0.29974 0.392593 0.007812 0.027778
