0 0.654167 0.798148 0.155208 0.125926
0 0.279167 0.429167 0.094792 0.091667
0 0.239062 0.331944 0.091667 0.091667
0 0.664844 0.726852 0.128646 0.137037
0 0.529687 0.20787 0.066667 0.060185
1 0.046615 0.785648 0.034896 0.087963
1 0.28724 0.593519 0.016146 0.059259
0 0.261719 0.111111 0.076563 0.068519
0 0.04349 0.543056 0.082812 0.115741
0 0.440365 0.286574 0.081771 0.097222
1 0.610417 0.61713 0.019792 0.069444
1 0.616146 0.349537 0.01875 0.058333
1 0.083073 0.653241 0.027604 0.075
1 0.271094 0.593056 0.017188 0.043519
