0 0.13125 0.66713 0.153125 0.115741
0 0.277865 0.718056 0.145313 0.134259
0 0.521094 0.215741 0.059896 0.059259
0 0.444792 0.247222 0.071875 0.072222
1 0.101042 0.308333 0.015625 0.057407
1 0.716667 0.588426 0.011458 0.056481
0 0.261458 0.109722 0.075 0.062037
1 0.334896 0.416204 0.020833 0.05463
1 0.503385 0.287963 0.013021 0.053704
0 0.169271 0.87037 0.314583 0.257407
0 0.621094 0.846296 0.217188 0.22037
0 0.929688 0.986111 0.139583 0.025926
1 0.657813 0.552778 0.023958 0.062963
1 0.701042 0.622222 0.013542 0.081481
