0 0.62474 0.879167 0.167187 0.152778
0 0.208073 0.307407 0.093229 0.074074
0 0.75026 0.767593 0.136979 0.114815
0 0.305469 0.740278 0.141146 0.119444
0 0.485937 0.231019 0.059375 0.056481
0 0.411719 0.266204 0.070312 0.065741
0 0.329688 0.265278 0.084375 0.080556
0 0.298438 0.887963 0.163542 0.168519
1 0.792969 0.613889 0.018229 0.085185
0 0.265365 0.881944 0.097396 0.112037
0 0.261719 0.106944 0.076563 0.065741
0 0.081771 0.475 0.161458 0.218519
0 0.313542 0.543056 0.132292 0.143519
0 0.511719 0.688889 0.197396 0.214815
1 0.772917 0.633796 0.020833 0.071296
1 0.789844 0.622685 0.017188 0.056481
