0 0.81224 0.795833 0.117188 0.097222
0 0.673438 0.8375 0.117708 0.093519
0 0.460417 0.856944 0.126042 0.100926
0 0.535417 0.801389 0.101042 0.100926
0 0.27474 0.828241 0.124479 0.080556
0 0.992708 0.880556 0.0125 0.103704
1 0.606771 0.637963 0.010417 0.044444
1 0.098698 0.555556 0.021354 0.053704
0 0.096875 0.765278 0.178125 0.202778
0 0.164583 0.716667 0.09375 0.1
0 0.17474 0.662963 0.057812 0.018519
0 0.354687 0.698611 0.146875 0.106481
0 0.371615 0.758333 0.123437 0.105556
0 0.597917 0.743519 0.129167 0.111111
