0 0.910937 0.925 0.177083 0.142593
0 0.692969 0.825926 0.157812 0.144444
0 0.284896 0.434259 0.107292 0.085185
0 0.819792 0.793519 0.130208 0.124074
0 0.047135 0.338426 0.053646 0.076852
0 0.458594 0.246296 0.060937 0.062963
1 0.416146 0.489352 0.023958 0.075
1 0.411458 0.431481 0.015625 0.053704
1 0.719792 0.568519 0.016667 0.053704
1 0.694792 0.649537 0.023958 0.065741
1 0.395313 0.415278 0.014583 0.049074
1 0.80599 0.768056 0.014063 0.086111
0 0.265885 0.111574 0.078646 0.067593
0 0.175781 0.3375 0.218229 0.180556
1 0.845313 0.677315 0.023958 0.084259
