0 0.145573 0.660648 0.146354 0.125
0 0.334375 0.739352 0.15 0.136111
0 0.634115 0.872685 0.175521 0.100926
0 0.396094 0.273148 0.070312 0.062963
1 0.820312 0.693056 0.023958 0.080556
1 0.86224 0.718519 0.020313 0.083333
1 0.364323 0.213889 0.011979 0.044444
1 0.36875 0.210648 0.0125 0.049074
0 0.261458 0.106481 0.075 0.057407
0 0.685417 0.930556 0.215625 0.137037
1 0.709115 0.581019 0.018229 0.078704
1 0.688542 0.643519 0.026042 0.07963
1 0.761198 0.668519 0.022396 0.083333
1 0.924219 0.738889 0.023438 0.068519
