0 0.398958 0.368056 0.051042 0.04537
1 0.201563 0.768519 0.015625 0.061111
0 0.020313 0.468056 0.039583 0.062037
1 0.407812 0.447685 0.0125 0.04537
0 0.216667 0.393056 0.058333 0.05463
0 0.479167 0.664815 0.122917 0.122222
1 0.451042 0.437037 0.0125 0.051852
1 0.444792 0.406481 0.009375 0.035185
1 0.466667 0.441204 0.011458 0.043519
0 0.221094 0.22963 0.053646 0.048148
0 0.363542 0.302315 0.111458 0.113889
0 0.505469 0.617593 0.064062 0.031481
0 0.585938 0.750926 0.163542 0.194444
0 0.710938 0.764815 0.086458 0.124074
0 0.682292 0.678241 0.140625 0.099074
1 0.342969 0.472685 0.011979 0.04537
1 0.089844 0.358333 0.010937 0.05
1 0.16849 0.343981 0.011979 0.036111
