0 0.654167 0.798148 0.155208 0.125926
0 0.152865 0.48287 0.117188 0.102778
0 0.402865 0.3 0.089063 0.092593
0 0.128646 0.375926 0.104167 0.094444
0 0.38724 0.382407 0.083854 0.074074
0 0.019792 0.658796 0.038542 0.076852
0 0.502865 0.218519 0.073438 0.077778
0 0.664844 0.727778 0.129688 0.135185
1 0.127865 0.726852 0.028646 0.085185
1 0.529167 0.614815 0.021875 0.062963
1 0.377083 0.53287 0.01875 0.056481
0 0.261719 0.106944 0.076563 0.065741
1 0.207292 0.580556 0.022917 0.077778
1 0.364063 0.536574 0.016667 0.043519
