0 0.75651 0.361111 0.101562 0.105556
0 0.766146 0.528241 0.130208 0.108333
0 0.345833 0.593519 0.16875 0.12963
0 0.876563 0.321296 0.108333 0.092593
0 0.45625 0.966204 0.190625 0.065741
1 0.99349 0.638889 0.010937 0.107407
1 0.266146 0.758796 0.039583 0.084259
1 0.494792 0.365741 0.020833 0.098148
1 0.388542 0.385185 0.028125 0.075926
0 0.49974 0.147685 0.105729 0.086111
1 0.689844 0.300463 0.020313 0.075
1 0.548438 0.341204 0.025 0.078704
0 0.223437 0.437963 0.196875 0.15
1 0.522135 0.356019 0.013021 0.078704
