0 0.263542 0.609722 0.130208 0.106481
0 0.407292 0.767593 0.163542 0.148148
0 0.154167 0.661574 0.154167 0.130556
0 0.364323 0.290741 0.071354 0.074074
1 0.71224 0.580093 0.016146 0.080556
1 0.638021 0.467593 0.0125 0.077778
1 0.552344 0.501852 0.017188 0.040741
1 0.267448 0.245833 0.015104 0.058333
1 0.059896 0.269444 0.014583 0.038889
1 0.170833 0.272222 0.01875 0.055556
0 0.261719 0.105556 0.073438 0.062963
0 0.508594 0.193056 0.129688 0.128704
1 0.204167 0.27963 0.013542 0.055556
1 0.322135 0.229167 0.015104 0.050926
