0 0.636719 0.793056 0.154688 0.143519
0 0.363542 0.292593 0.070833 0.068519
1 0.63099 0.476852 0.011979 0.075926
1 0.108333 0.308333 0.01875 0.053704
1 0.265885 0.255093 0.016146 0.067593
1 0.169792 0.274074 0.027083 0.055556
1 0.411719 0.202778 0.010937 0.040741
1 0.255729 0.267593 0.0125 0.042593
0 0.510417 0.193056 0.132292 0.125
0 0.261719 0.106019 0.073438 0.062037
1 0.052865 0.285648 0.018229 0.056481
1 0.309635 0.248611 0.011979 0.056481
1 0.357812 0.214352 0.009375 0.047222
1 0.326042 0.224537 0.008333 0.041667
