0 0.263542 0.539352 0.129167 0.106481
0 0.059115 0.643981 0.117188 0.110185
0 0.170313 0.5875 0.1375 0.117593
0 0.344792 0.740278 0.147917 0.136111
0 0.15599 0.321296 0.099479 0.075926
0 0.178125 0.847685 0.171875 0.167593
0 0.486719 0.230556 0.059896 0.055556
0 0.271615 0.287037 0.092188 0.088889
0 0.410938 0.267593 0.070833 0.064815
1 0.79349 0.616204 0.017188 0.086111
1 0.215365 0.427778 0.021354 0.053704
0 0.260417 0.106019 0.077083 0.056481
0 0.809115 0.930556 0.210938 0.137037
0 0.93776 0.924537 0.123437 0.149074
0 0.554167 0.193056 0.032292 0.043519
1 0.322396 0.222222 0.011458 0.055556
1 0.298438 0.229167 0.010417 0.030556
1 0.776042 0.631481 0.01875 0.07037
1 0.953385 0.745833 0.030729 0.078704
1 0.789844 0.635185 0.017188 0.064815
