0 0.889844 0.933333 0.201563 0.125926
0 0.585938 0.806481 0.161458 0.133333
0 0.215365 0.65787 0.159896 0.117593
0 0.410938 0.756019 0.145833 0.121296
0 0.347917 0.121296 0.063542 0.062963
0 0.272917 0.159722 0.073958 0.076852
0 0.201563 0.398611 0.072917 0.071296
1 0.511198 0.515741 0.022396 0.07963
0 0.029948 0.585648 0.058854 0.093519
0 0.06901 0.848148 0.138021 0.27963
1 0.660937 0.571296 0.022917 0.087037
1 0.69974 0.593056 0.022396 0.080556
1 0.91276 0.643056 0.017188 0.076852
1 0.584115 0.543056 0.021354 0.076852
1 0.62526 0.502778 0.019271 0.059259
1 0.122396 0.156944 0.010417 0.060185
