0 0.106771 0.57037 0.1375 0.109259
0 0.50651 0.753241 0.143229 0.125
0 0.321615 0.660185 0.152604 0.131481
0 0.940365 0.951389 0.117188 0.089815
0 0.07474 0.45787 0.130729 0.117593
0 0.677865 0.820833 0.159896 0.149074
0 0.297917 0.485648 0.129167 0.113889
0 0.385417 0.171759 0.069792 0.071296
0 0.45599 0.134722 0.060937 0.056481
0 0.597135 0.631944 0.297396 0.273148
1 0.79401 0.615278 0.020313 0.078704
1 0.627344 0.520833 0.022396 0.05463
1 0.757292 0.59537 0.01875 0.083333
1 0.242448 0.155556 0.011979 0.05
1 0.446094 0.043519 0.013021 0.046296
1 0.197917 0.166667 0.014583 0.048148
