0 0.103646 0.568519 0.14375 0.118519
0 0.507292 0.75463 0.140625 0.124074
0 0.94349 0.952315 0.110937 0.086111
0 0.677865 0.826389 0.160938 0.143519
0 0.324219 0.660185 0.156771 0.142593
0 0.384896 0.168981 0.06875 0.071296
0 0.990365 0.805093 0.018229 0.075
0 0.45599 0.136574 0.058854 0.060185
0 0.177865 0.449074 0.348438 0.292593
0 0.507292 0.555093 0.176042 0.158333
0 0.771094 0.765741 0.151562 0.161111
1 0.627083 0.531944 0.01875 0.082407
1 0.682292 0.558333 0.017708 0.062963
1 0.758073 0.593981 0.024479 0.091667
1 0.794792 0.615278 0.020833 0.069444
1 0.721615 0.526389 0.018229 0.069444
1 0.240365 0.15787 0.015104 0.052778
1 0.192969 0.168981 0.011979 0.049074
1 0.227865 0.319444 0.016146 0.046296
