0 0.505208 0.75787 0.14375 0.128704
0 0.68151 0.831481 0.163021 0.146296
0 0.097917 0.574074 0.142708 0.114815
0 0.316667 0.662963 0.15625 0.131481
0 0.944792 0.955093 0.109375 0.084259
0 0.454948 0.128704 0.059896 0.057407
0 0.38099 0.162037 0.070312 0.072222
1 0.610417 0.530093 0.020833 0.076852
1 0.682292 0.564815 0.016667 0.07963
1 0.765365 0.593519 0.023438 0.087037
1 0.800521 0.619444 0.026042 0.083333
1 0.727083 0.534259 0.015625 0.074074
1 0.815365 0.518519 0.015104 0.075926
1 0.208073 0.121296 0.016146 0.064815
1 0.23776 0.153704 0.013021 0.062963
