0 0.505469 0.754167 0.142187 0.121296
0 0.677865 0.825 0.159896 0.144444
0 0.940365 0.951852 0.117188 0.090741
0 0.321615 0.651389 0.153646 0.130556
0 0.10599 0.567593 0.138021 0.116667
0 0.384115 0.17037 0.068229 0.066667
0 0.45599 0.135185 0.060937 0.057407
0 0.976042 0.830093 0.045833 0.14537
0 0.088542 0.397685 0.177083 0.213889
1 0.617708 0.531019 0.01875 0.086111
1 0.680208 0.556019 0.0125 0.056481
1 0.755469 0.593981 0.020313 0.084259
1 0.796094 0.618056 0.024479 0.071296
1 0.72526 0.529167 0.018229 0.073148
1 0.19974 0.170833 0.017188 0.04537
1 0.24349 0.156944 0.017188 0.052778
1 0.342187 0.391204 0.017708 0.056481
1 0.40599 0.056019 0.010937 0.056481
