0 0.340365 0.613889 0.141146 0.105556
0 0.885417 0.740741 0.155208 0.124074
0 0.617188 0.635185 0.138542 0.094444
0 0.647917 0.721296 0.172917 0.114815
0 0.921354 0.933796 0.15625 0.123148
0 0.372917 0.728241 0.152083 0.125
0 0.38724 0.567593 0.122396 0.111111
0 0.940885 0.841667 0.117188 0.103704
0 0.1375 0.111111 0.075 0.083333
0 0.215365 0.075 0.063021 0.064815
0 0.68099 0.843519 0.178646 0.155556
1 0.752865 0.573611 0.022396 0.058333
1 0.410417 0.474537 0.028125 0.080556
1 0.452344 0.486111 0.022396 0.055556
1 0.108594 0.348611 0.018229 0.058333
1 0.184115 0.4 0.025521 0.066667
1 0.159896 0.338426 0.016667 0.056481
1 0.215365 0.336111 0.024479 0.059259
