0 0.460815 0.735648 0.133545 0.232407
0 0.262939 0.74375 0.146973 0.268056
0 0.286255 0.557407 0.101318 0.151852
0 0.420898 0.543287 0.095215 0.135648
0 0.398682 0.453935 0.07959 0.129167
0 0.288208 0.410417 0.073486 0.116204
0 0.174683 0.307639 0.063232 0.068981
0 0.196167 0.247222 0.046631 0.057407
0 0.307861 0.258796 0.039551 0.078704
0 0.323975 0.235417 0.035156 0.052315
0 0.311646 0.178935 0.032959 0.030093
0 0.391968 0.155556 0.022705 0.023148
0 0.393677 0.192593 0.031006 0.035185
0 0.530273 0.127083 0.016113 0.015278
0 0.546753 0.268287 0.034424 0.05787
0 0.651611 0.380556 0.064453 0.084259
