0 0.469531 0.815625 0.1375 0.285417
0 0.73418 0.737847 0.169922 0.25625
0 0.94082 0.876042 0.117578 0.246528
0 0.961914 0.715278 0.075391 0.090278
0 0.278711 0.589583 0.086328 0.152778
0 0.659961 0.516667 0.103516 0.104167
0 0.684766 0.461458 0.085156 0.079861
0 0.811523 0.354167 0.055078 0.040278
0 0.861719 0.335069 0.048438 0.036806
0 0.852539 0.365278 0.058203 0.043056
0 0.897852 0.373611 0.054297 0.048611
0 0.911914 0.353472 0.034766 0.023611
0 0.946484 0.370486 0.045313 0.036806
0 0.950977 0.346875 0.044141 0.027083
0 0.983984 0.348958 0.03125 0.065972
0 0.748633 0.313889 0.042578 0.040278
0 0.599414 0.368056 0.048828 0.055556
0 0.528516 0.380208 0.048438 0.061806
0 0.430469 0.347569 0.049219 0.057639
0 0.525 0.331944 0.042969 0.043056
0 0.471094 0.298958 0.032813 0.040972
0 0.402344 0.323264 0.016406 0.039583
0 0.425 0.3 0.03125 0.0375
0 0.425977 0.276042 0.027734 0.03125
0 0.371875 0.259028 0.025 0.029167
0 0.559375 0.263889 0.045313 0.029167
0 0.534766 0.258681 0.03125 0.028472
0 0.517383 0.254167 0.020703 0.023611
0 0.501758 0.263194 0.026172 0.027778
0 0.505273 0.244097 0.026953 0.017361
0 0.470898 0.254861 0.026172 0.029167
0 0.465039 0.244097 0.019141 0.020139
0 0.459375 0.242708 0.014063 0.015972
0 0.455078 0.243056 0.021875 0.022222
0 0.449023 0.242708 0.024609 0.022917
0 0.438867 0.240972 0.026953 0.022222
0 0.408398 0.237847 0.024609 0.020139
0 0.391016 0.236458 0.013281 0.011806
0 0.376172 0.232986 0.020313 0.017361
0 0.348242 0.228125 0.023047 0.017361
0 0.363867 0.232639 0.012891 0.016667
0 0.288672 0.221875 0.013281 0.015972
0 0.270117 0.219444 0.015234 0.013889
0 0.262109 0.218056 0.017188 0.013889
0 0.254883 0.217708 0.016016 0.011806
0 0.251953 0.215972 0.024219 0.018056
0 0.23418 0.214931 0.011328 0.015972
0 0.225 0.215972 0.014844 0.015278
0 0.217578 0.214236 0.014844 0.011806
0 0.207617 0.213889 0.015234 0.015278
0 0.214453 0.203819 0.010156 0.007639
0 0.177148 0.208681 0.016016 0.010417
0 0.167969 0.205208 0.011719 0.011806
0 0.150195 0.205556 0.013672 0.011111
0 0.146289 0.2125 0.008203 0.011111
0 0.134375 0.232292 0.01875 0.017361
0 0.151563 0.223958 0.014844 0.009028
0 0.149023 0.235764 0.016797 0.01875
0 0.164453 0.239931 0.021875 0.021528
0 0.167188 0.227431 0.013281 0.009028
0 0.180273 0.233333 0.015234 0.016667
0 0.188672 0.245486 0.025 0.024306
0 0.209766 0.233681 0.022656 0.01875
0 0.212695 0.25625 0.019922 0.026389
0 0.225586 0.245486 0.019141 0.015972
0 0.306055 0.223264 0.011328 0.013194
0 0.318555 0.226736 0.015234 0.017361
0 0.245703 0.258333 0.01875 0.026389
0 0.231055 0.242014 0.019922 0.020139
0 0.231055 0.270139 0.023828 0.034722
0 0.262891 0.249653 0.021875 0.027083
0 0.236328 0.290972 0.027344 0.038889
0 0.24082 0.312847 0.029297 0.045139
0 0.265625 0.277431 0.025781 0.034028
0 0.276562 0.290625 0.026563 0.036806
0 0.287695 0.314236 0.031641 0.045139
0 0.283789 0.259028 0.024609 0.033333
0 0.288086 0.248611 0.020703 0.018056
0 0.304688 0.255208 0.021875 0.01875
0 0.308594 0.276389 0.029688 0.0375
0 0.324219 0.262153 0.020313 0.03125
0 0.316016 0.295139 0.021094 0.0375
0 0.324219 0.315278 0.004688 0.030556
0 0.366211 0.31875 0.080859 0.115278
0 0.25918 0.402778 0.051172 0.070833
0 0.321094 0.369792 0.044531 0.061806
0 0.31543 0.239583 0.017578 0.015278
1 0.946484 0.445486 0.017188 0.054861
1 0.826172 0.411806 0.016406 0.065278
1 0.79043 0.401042 0.013672 0.038194
1 0.780859 0.371181 0.008594 0.04375
1 0.758008 0.385069 0.012891 0.050694
1 0.743164 0.366667 0.012109 0.040278
1 0.725391 0.348958 0.011719 0.034028
1 0.711523 0.354514 0.012109 0.038194
1 0.698242 0.354514 0.011328 0.035417
1 0.679297 0.354514 0.013281 0.034028
1 0.698633 0.33125 0.008203 0.020833
1 0.717773 0.322222 0.008984 0.031944
1 0.656641 0.346875 0.010156 0.038194
1 0.656445 0.319444 0.007422 0.018056
1 0.663477 0.326042 0.007422 0.01875
1 0.673047 0.339236 0.008594 0.024306
1 0.625586 0.345139 0.008203 0.054167
1 0.604688 0.328472 0.008594 0.026389
1 0.601172 0.301042 0.009375 0.034028
1 0.621875 0.313194 0.008594 0.029167
1 0.644922 0.313889 0.008594 0.029167
1 0.566797 0.288194 0.00625 0.023611
1 0.571875 0.279861 0.004688 0.019444
1 0.549219 0.282292 0.00625 0.021528
1 0.525586 0.277778 0.005859 0.020833
1 0.500391 0.270486 0.00625 0.011806
1 0.500586 0.396528 0.010547 0.075
1 0.45957 0.254167 0.005078 0.0125
1 0.138867 0.262153 0.008984 0.035417
1 0.147461 0.242361 0.005078 0.019444
1 0.136719 0.328472 0.011719 0.040278
1 0.167188 0.300694 0.008594 0.030556
1 0.047656 0.424653 0.022656 0.038194
1 0.030859 0.479861 0.032031 0.088889
1 0.09082 0.470833 0.019922 0.061111
1 0.089648 0.516319 0.026953 0.095139
1 0.132227 0.669097 0.032422 0.153472
