0 0.403892 0.670817 0.123231 0.213147
0 0.220371 0.692729 0.142983 0.213147
0 0.063827 0.690737 0.126474 0.188247
0 0.400354 0.913845 0.17158 0.171315
0 0.658608 0.251494 0.081958 0.052789
0 0.405218 0.17007 0.033903 0.034363
0 0.3352 0.171066 0.023585 0.028386
0 0.302771 0.173556 0.022406 0.02739
0 0.344487 0.162849 0.018573 0.02988
1 0.314121 0.168078 0.006781 0.029382
0 0.366598 0.132221 0.013267 0.01743
0 0.392099 0.123755 0.011203 0.015438
0 0.421285 0.139691 0.01533 0.019422
0 0.420401 0.125747 0.012382 0.01743
0 0.427034 0.106325 0.00855 0.013446
0 0.416568 0.093127 0.006486 0.007968
0 0.412146 0.087151 0.006486 0.008964
0 0.421875 0.086155 0.005307 0.005976
0 0.419959 0.07993 0.010318 0.006474
0 0.065301 0.171813 0.038031 0.032869
0 0.021226 0.24004 0.042453 0.047809
0 0.096551 0.183765 0.051592 0.034861
0 0.112618 0.172062 0.030071 0.018426
0 0.128243 0.167829 0.014151 0.011952
0 0.139151 0.161106 0.022406 0.013446
0 0.291568 0.141932 0.01592 0.018924
0 0.305425 0.130229 0.014151 0.025398
1 0.740713 0.905378 0.053361 0.188247
1 0.494693 0.313247 0.017689 0.067729
1 0.483933 0.170319 0.00737 0.028884
1 0.50398 0.169074 0.006191 0.029382
1 0.423202 0.152639 0.00855 0.014442
1 0.441038 0.131723 0.005307 0.009462
1 0.437795 0.119771 0.004127 0.015438
1 0.444723 0.119024 0.005012 0.018924
1 0.442512 0.10508 0.004127 0.00996
1 0.232754 0.271912 0.015625 0.049801
1 0.125884 0.373506 0.021226 0.065737
1 0.022848 0.30503 0.014446 0.065239
1 0.025354 0.275398 0.008844 0.025896
1 0.181162 0.188496 0.00737 0.020418
1 0.136792 0.198705 0.007665 0.0249
1 0.140625 0.198456 0.003538 0.020418
1 0.045843 0.220618 0.00737 0.033865
1 0.026533 0.206922 0.006486 0.019422
