0 0.818555 0.874653 0.241797 0.249306
0 0.875977 0.746528 0.214453 0.222222
0 0.629883 0.612153 0.124609 0.147917
0 0.707813 0.553472 0.115625 0.120833
0 0.600586 0.438889 0.070703 0.081944
0 0.539062 0.496528 0.089844 0.106944
1 0.834961 0.485764 0.020703 0.097917
1 0.816016 0.394097 0.016406 0.057639
0 0.903125 0.376042 0.060156 0.049306
0 0.980469 0.349653 0.038281 0.04375
0 0.982031 0.330208 0.035156 0.022917
0 0.960352 0.342708 0.016797 0.032639
0 0.937305 0.349306 0.043359 0.054167
0 0.908203 0.337153 0.03125 0.024306
0 0.890625 0.356597 0.057813 0.053472
0 0.85957 0.345833 0.037891 0.030556
0 0.836719 0.369097 0.061719 0.050694
0 0.802539 0.355556 0.057422 0.048611
1 0.850586 0.320833 0.011328 0.026389
0 0.675391 0.331597 0.066406 0.04375
1 0.626953 0.312153 0.007812 0.038194
1 0.713867 0.324653 0.010547 0.039583
1 0.684375 0.296875 0.008594 0.021528
1 0.581641 0.322569 0.014063 0.049306
1 0.596094 0.324653 0.010938 0.032639
1 0.602734 0.329514 0.010938 0.036806
1 0.611328 0.317708 0.009375 0.024306
1 0.614453 0.326389 0.009375 0.025
1 0.617969 0.342708 0.014844 0.046528
0 0.566992 0.262847 0.036328 0.028472
0 0.535547 0.257986 0.032813 0.03125
0 0.520313 0.257986 0.021875 0.024306
0 0.513672 0.255208 0.028906 0.024306
0 0.505273 0.249306 0.027734 0.029167
0 0.47168 0.248958 0.022266 0.024306
0 0.450391 0.243056 0.023438 0.023611
0 0.462109 0.243403 0.019531 0.022917
0 0.436328 0.241667 0.025 0.022222
0 0.391406 0.238194 0.013281 0.015278
0 0.539648 0.305556 0.044141 0.040278
0 0.506445 0.344444 0.049609 0.055556
0 0.476367 0.310764 0.037891 0.04375
0 0.442383 0.286458 0.033203 0.035417
0 0.425391 0.343056 0.035938 0.059722
0 0.391016 0.261458 0.027344 0.028472
0 0.349609 0.252083 0.025781 0.025
0 0.430078 0.252083 0.007812 0.016667
0 0.331641 0.230903 0.05 0.052083
0 0.373047 0.229514 0.023438 0.01875
0 0.292969 0.222917 0.023438 0.018056
0 0.266602 0.237153 0.025391 0.021528
0 0.297461 0.241667 0.021484 0.019444
0 0.259961 0.231597 0.021484 0.022917
0 0.251953 0.216667 0.025781 0.020833
0 0.258398 0.219097 0.013672 0.017361
0 0.236719 0.211806 0.016406 0.0125
0 0.222461 0.211111 0.014453 0.0125
0 0.227734 0.213889 0.016406 0.011111
0 0.179297 0.206597 0.014844 0.011806
0 0.132227 0.235069 0.016797 0.015972
0 0.211523 0.224653 0.021484 0.014583
1 0.145508 0.253472 0.007422 0.031944
1 0.169141 0.255556 0.009375 0.023611
1 0.144531 0.312153 0.014063 0.046528
1 0.12832 0.316667 0.012109 0.055556
1 0.12168 0.355556 0.015234 0.063889
0 0.241602 0.281944 0.026953 0.038889
0 0.230078 0.338542 0.045313 0.063194
0 0.297656 0.343056 0.040625 0.068056
0 0.301563 0.260069 0.025781 0.029861
0 0.322656 0.267014 0.024219 0.034028
0 0.344922 0.271181 0.0375 0.029861
0 0.320508 0.298611 0.022266 0.0375
0 0.322852 0.317361 0.017578 0.05
0 0.368945 0.319097 0.084766 0.11875
1 0.155078 0.665972 0.025 0.15
1 0.039844 0.647569 0.029688 0.088194
1 0.066992 0.641667 0.049609 0.148611
1 0.079102 0.632292 0.044141 0.136806
1 0.151367 0.573611 0.041016 0.105556
1 0.145313 0.649653 0.046094 0.147917
