0 0.538021 0.049537 0.008333 0.008333
0 0.529427 0.049074 0.009896 0.009259
0 0.523177 0.050463 0.008854 0.008333
0 0.515885 0.05 0.010937 0.009259
0 0.513021 0.052315 0.009375 0.008333
0 0.560677 0.087963 0.023438 0.012963
0 0.56276 0.094444 0.020313 0.012963
0 0.5625 0.097685 0.016667 0.012037
0 0.569271 0.102778 0.022917 0.012963
0 0.571875 0.106481 0.023958 0.014815
0 0.56875 0.116204 0.03125 0.023148
0 0.590885 0.128241 0.031771 0.026852
0 0.594271 0.138426 0.03125 0.013889
0 0.609635 0.156019 0.045312 0.026852
0 0.619271 0.169907 0.048958 0.030556
0 0.624479 0.180093 0.044792 0.032407
0 0.64974 0.188889 0.059896 0.038889
0 0.598437 0.29537 0.101042 0.066667
1 0.667708 0.390278 0.025 0.075
1 0.059896 0.442593 0.022917 0.075926
0 0.086458 0.256481 0.172917 0.15
1 0.196094 0.233333 0.014063 0.037037
1 0.220833 0.242593 0.0125 0.05
1 0.242708 0.243519 0.0125 0.053704
1 0.250781 0.231481 0.008854 0.05
1 0.26224 0.239815 0.014063 0.053704
1 0.333854 0.145833 0.00625 0.028704
0 0.366927 0.203241 0.030729 0.04537
0 0.416406 0.18287 0.028646 0.049074
0 0.426563 0.171296 0.019792 0.035185
0 0.417708 0.081019 0.01875 0.015741
0 0.424219 0.079167 0.016146 0.015741
