0 0.533594 0.722222 0.129688 0.248148
0 0.307292 0.50463 0.196875 0.442593
0 0.500521 0.500463 0.083333 0.150926
0 0.320833 0.180093 0.029167 0.039815
0 0.363802 0.181481 0.026562 0.040741
0 0.396094 0.139815 0.020313 0.02963
0 0.373958 0.167593 0.023958 0.035185
0 0.416667 0.103241 0.019792 0.043519
0 0.432031 0.103704 0.014063 0.018519
1 0.260417 0.218519 0.013542 0.042593
0 0.489063 0.091667 0.010417 0.012963
0 0.470833 0.093519 0.011458 0.016667
0 0.444792 0.083333 0.009375 0.012963
0 0.317448 0.100463 0.019271 0.013889
