0 0.164062 0.639352 0.128418 0.198148
0 0.437988 0.389815 0.116699 0.101852
0 0.255859 0.335185 0.057129 0.09537
0 0.265991 0.19838 0.027588 0.040278
0 0.220215 0.459259 0.069824 0.109259
0 0.051758 0.394444 0.102051 0.089815
0 0.296875 0.257407 0.040527 0.065741
0 0.297974 0.180093 0.02417 0.028704
0 0.269287 0.295139 0.040527 0.058796
0 0.367554 0.142593 0.014893 0.024074
0 0.327026 0.226157 0.025635 0.043056
0 0.33728 0.215046 0.023682 0.038426
0 0.207031 0.194907 0.022949 0.030556
0 0.449463 0.152083 0.015625 0.025463
0 0.317261 0.238426 0.021729 0.052778
0 0.230957 0.184722 0.01709 0.025
0 0.220093 0.190278 0.014404 0.024074
0 0.473877 0.140741 0.013184 0.019444
0 0.435303 0.132176 0.013184 0.018981
0 0.263794 0.165741 0.014404 0.021296
0 0.348511 0.202546 0.020752 0.039352
0 0.247803 0.175 0.01416 0.023148
0 0.239258 0.180093 0.015137 0.023148
0 0.455078 0.121991 0.015625 0.03287
0 0.394531 0.121759 0.009277 0.016667
0 0.255371 0.169907 0.015137 0.019444
0 0.401245 0.11412 0.009033 0.014352
1 0.945435 0.486111 0.027588 0.083333
0 0.409302 0.106481 0.008545 0.013889
0 0.473755 0.128704 0.011963 0.017593
0 0.440796 0.11713 0.008545 0.014815
1 0.904297 0.477778 0.016113 0.068519
0 0.32251 0.13287 0.011719 0.015741
0 0.473633 0.110648 0.009277 0.014815
1 0.807861 0.57037 0.027344 0.116667
1 0.779663 0.499306 0.024658 0.068056
0 0.271118 0.161343 0.011963 0.018981
1 0.889893 0.486343 0.02002 0.09213
0 0.29187 0.136343 0.013428 0.0125
0 0.298828 0.14375 0.015137 0.021759
1 0.986816 0.52037 0.016113 0.053704
1 0.739868 0.590972 0.032959 0.106944
1 0.042969 0.322222 0.010254 0.043519
1 0.706787 0.562963 0.029785 0.143519
1 0.855957 0.427315 0.022461 0.090741
1 0.822388 0.396296 0.015869 0.091667
0 0.288452 0.153241 0.011963 0.018519
1 0.018921 0.320833 0.010986 0.037963
0 0.468262 0.104167 0.007324 0.013889
0 0.332642 0.128704 0.010498 0.013889
0 0.294312 0.148843 0.010498 0.018981
1 0.876587 0.583102 0.022217 0.093056
0 0.445068 0.109722 0.008301 0.012963
0 0.447998 0.096991 0.006836 0.011574
0 0.519287 0.13125 0.010254 0.020833
1 0.758545 0.482639 0.015137 0.065278
0 0.344849 0.121296 0.00708 0.012963
1 0.893799 0.544907 0.03125 0.087963
1 0.986328 0.594444 0.020508 0.086111
1 0.98584 0.553009 0.015625 0.046759
