0 0.263542 0.764352 0.153125 0.237963
0 0.451042 0.575926 0.1 0.17963
0 0.582552 0.672222 0.100521 0.201852
0 0.723437 0.655556 0.130208 0.201852
0 0.570052 0.402778 0.061979 0.098148
0 0.03776 0.741667 0.075521 0.461111
0 0.470312 0.34537 0.0875 0.238889
0 0.93151 0.287037 0.075521 0.055556
0 0.882552 0.269444 0.081771 0.051852
0 0.726823 0.205556 0.123437 0.105556
0 0.578906 0.271759 0.041146 0.058333
0 0.516667 0.208796 0.029167 0.04537
0 0.545052 0.181944 0.024479 0.037963
0 0.50599 0.156944 0.020313 0.028704
0 0.536979 0.143056 0.017708 0.025
0 0.505729 0.12963 0.014583 0.02037
0 0.510156 0.116667 0.015104 0.022222
0 0.5375 0.121296 0.015625 0.022222
0 0.535937 0.100926 0.0125 0.018519
0 0.517969 0.085185 0.011979 0.014815
0 0.64401 0.188426 0.046354 0.036111
0 0.629167 0.178704 0.045833 0.038889
0 0.613281 0.175463 0.038021 0.034259
0 0.614583 0.162963 0.030208 0.018519
0 0.619271 0.156944 0.048958 0.030556
0 0.601042 0.156481 0.028125 0.025926
0 0.595573 0.143981 0.019271 0.019444
0 0.590885 0.129167 0.032813 0.030556
0 0.569792 0.115741 0.028125 0.024074
0 0.563542 0.104167 0.014583 0.017593
0 0.558854 0.098611 0.011458 0.010185
0 0.557292 0.103241 0.004167 0.008333
0 0.554948 0.088426 0.010937 0.012037
0 0.531771 0.050926 0.005208 0.005556
0 0.53776 0.049074 0.005729 0.007407
0 0.525781 0.052315 0.003646 0.006481
0 0.520052 0.052315 0.004687 0.006481
0 0.515885 0.053241 0.004687 0.006481
0 0.509635 0.05463 0.006771 0.009259
0 0.501042 0.055556 0.00625 0.009259
0 0.49401 0.05787 0.007812 0.008333
0 0.485937 0.081944 0.010417 0.013889
0 0.484115 0.0875 0.011979 0.015741
0 0.477344 0.093056 0.011979 0.015741
0 0.466927 0.099074 0.016146 0.016667
0 0.465625 0.110185 0.014583 0.022222
0 0.461979 0.07963 0.017708 0.037037
0 0.451562 0.134722 0.01875 0.030556
0 0.461458 0.124074 0.014583 0.022222
0 0.430469 0.127315 0.018229 0.030556
0 0.421094 0.141667 0.019271 0.031481
0 0.445573 0.149537 0.019271 0.028704
0 0.403906 0.158796 0.022396 0.032407
0 0.43125 0.164352 0.021875 0.037963
0 0.386458 0.181481 0.026042 0.037037
0 0.41901 0.184259 0.027604 0.044444
0 0.458854 0.181944 0.026042 0.036111
0 0.455469 0.199537 0.023438 0.043519
0 0.444792 0.208796 0.032292 0.037963
0 0.365365 0.200463 0.029687 0.039815
0 0.395313 0.216667 0.03125 0.048148
0 0.440365 0.242593 0.029687 0.057407
0 0.378385 0.250926 0.034896 0.074074
0 0.416667 0.083333 0.020833 0.02037
0 0.425521 0.073611 0.015625 0.015741
0 0.423177 0.079167 0.013021 0.017593
0 0.297135 0.319444 0.135937 0.224074
0 0.140885 0.45 0.107812 0.148148
0 0.129688 0.202315 0.033333 0.04537
0 0.059635 0.206019 0.038021 0.049074
0 0.007292 0.212037 0.014583 0.044444
1 0.647135 0.226852 0.010937 0.02963
1 0.854948 0.234722 0.010937 0.034259
1 0.615104 0.121759 0.004167 0.010185
1 0.541927 0.070833 0.002604 0.013889
1 0.528646 0.076389 0.003125 0.008333
1 0.470833 0.062963 0.002083 0.005556
1 0.408594 0.110185 0.003646 0.012963
1 0.420312 0.105556 0.005208 0.016667
1 0.428385 0.091204 0.005729 0.013889
1 0.233854 0.1875 0.008333 0.039815
1 0.236979 0.185648 0.007292 0.030556
1 0.198958 0.213426 0.009375 0.036111
1 0.20651 0.235185 0.009896 0.040741
1 0.051562 0.218519 0.010417 0.033333
1 0.110417 0.383333 0.027083 0.096296
1 0.072396 0.393981 0.014583 0.065741
1 0.06849 0.431944 0.021354 0.082407
1 0.029687 0.46713 0.026042 0.097222
1 0.020313 0.411111 0.013542 0.057407
1 0.010417 0.403241 0.010417 0.049074
1 0.041927 0.448148 0.025521 0.087037
1 0.003125 0.436574 0.00625 0.069444
