0 0.071411 0.872917 0.142334 0.253241
0 0.231689 0.465046 0.064453 0.129167
0 0.160889 0.672917 0.12207 0.181019
0 0.447266 0.191204 0.022461 0.032407
0 0.239624 0.346065 0.045166 0.075463
0 0.253784 0.303241 0.048584 0.078704
0 0.286377 0.279861 0.034668 0.056019
0 0.199219 0.232176 0.038086 0.040278
0 0.436035 0.153704 0.015625 0.023148
0 0.324097 0.160417 0.018799 0.028241
0 0.327148 0.226157 0.024414 0.043056
0 0.337646 0.215278 0.022949 0.036111
0 0.451538 0.139352 0.017334 0.036111
0 0.35022 0.150926 0.017334 0.02037
0 0.379272 0.125926 0.010986 0.016667
0 0.298706 0.251852 0.040283 0.064815
0 0.480713 0.149074 0.015137 0.022222
0 0.317627 0.238889 0.020508 0.050926
0 0.206787 0.193981 0.023926 0.02963
0 0.348877 0.203009 0.020508 0.039352
0 0.485229 0.167361 0.017334 0.028241
0 0.471802 0.128472 0.010986 0.016204
0 0.435669 0.129167 0.010986 0.015741
0 0.231201 0.184028 0.015625 0.022685
0 0.299072 0.14375 0.013672 0.020833
0 0.220459 0.190046 0.015137 0.023611
0 0.321655 0.132407 0.01001 0.016667
0 0.256836 0.17037 0.013672 0.019444
0 0.26416 0.165972 0.01416 0.021759
0 0.474609 0.117593 0.009277 0.015741
0 0.248169 0.175 0.013916 0.022222
0 0.23877 0.179167 0.015625 0.021296
1 0.903564 0.47662 0.016113 0.066204
0 0.407715 0.109722 0.006836 0.012963
1 0.807373 0.56875 0.02832 0.110648
0 0.782471 0.511111 0.023926 0.098148
0 0.737671 0.58287 0.033447 0.118519
1 0.887329 0.487731 0.018799 0.089352
1 0.706543 0.559028 0.028809 0.143056
1 0.895996 0.538426 0.027344 0.072222
0 0.446167 0.101157 0.00708 0.010648
1 0.874756 0.584028 0.024902 0.089352
0 0.413452 0.10625 0.008057 0.013426
0 0.292969 0.150926 0.012207 0.017593
0 0.461426 0.120139 0.009277 0.013426
0 0.468018 0.111343 0.007324 0.0125
1 0.944214 0.482407 0.024658 0.078704
0 0.291992 0.136343 0.012207 0.0125
0 0.271362 0.161574 0.011963 0.018519
1 0.042847 0.322222 0.010986 0.044444
0 0.438354 0.119213 0.010498 0.014352
1 0.752075 0.495602 0.026123 0.0875
1 0.984741 0.51713 0.017334 0.067593
1 0.018677 0.319907 0.011475 0.037963
0 0.442749 0.115046 0.009033 0.014352
0 0.46814 0.10463 0.008057 0.012963
0 0.454956 0.118056 0.010986 0.014815
0 0.285156 0.155093 0.009277 0.018519
0 0.332642 0.128935 0.009033 0.013426
0 0.697388 0.59213 0.071045 0.100926
0 0.457886 0.105787 0.008057 0.0125
1 0.984863 0.591204 0.018555 0.077778
