0 0.385417 0.50463 0.085417 0.164815
0 0.792708 0.559259 0.228125 0.405556
0 0.665625 0.628704 0.340625 0.740741
0 0.498958 0.070833 0.003125 0.00463
0 0.492188 0.070833 0.003125 0.00463
0 0.341667 0.153704 0.029167 0.066667
0 0.359896 0.151852 0.008333 0.037037
0 0.375 0.170833 0.022917 0.030556
0 0.370052 0.149074 0.013021 0.022222
0 0.384375 0.162963 0.017708 0.02963
0 0.374479 0.136111 0.014583 0.025926
0 0.415104 0.166204 0.021875 0.028704
0 0.419531 0.13287 0.008854 0.021296
0 0.422135 0.126852 0.011979 0.02037
0 0.421354 0.112963 0.011458 0.009259
0 0.429167 0.11713 0.00625 0.015741
0 0.43099 0.112963 0.010937 0.014815
0 0.419271 0.103704 0.007292 0.012963
0 0.436719 0.105093 0.009896 0.019444
0 0.427604 0.101852 0.008333 0.009259
0 0.397396 0.123148 0.0375 0.075926
0 0.455729 0.078241 0.013542 0.030556
0 0.477865 0.075926 0.003646 0.005556
0 0.464062 0.076852 0.003125 0.005556
0 0.46849 0.074537 0.004687 0.012037
0 0.472656 0.065278 0.003646 0.010185
0 0.477865 0.063426 0.002604 0.00463
