0 0.590856 0.895996 0.26196 0.207031
1 0.965085 0.60498 0.04591 0.168945
1 0.897955 0.551025 0.043596 0.164551
1 0.859375 0.5625 0.037423 0.177734
1 0.969522 0.219727 0.016975 0.057617
1 0.919367 0.212158 0.017747 0.046387
0 0.89564 0.211914 0.023534 0.032227
1 0.815586 0.198242 0.013889 0.047852
1 0.763696 0.192871 0.015818 0.051758
1 0.640818 0.149658 0.006944 0.023926
1 0.60706 0.152588 0.012731 0.038574
0 0.596258 0.150391 0.009645 0.035156
0 0.58912 0.147461 0.007716 0.033203
0 0.576003 0.144531 0.010802 0.025391
0 0.470293 0.110352 0.020833 0.020508
0 0.465278 0.101318 0.013117 0.01416
0 0.461806 0.100586 0.013117 0.014648
0 0.460648 0.09668 0.013889 0.014648
0 0.459298 0.093506 0.013503 0.013184
0 0.456404 0.091553 0.012346 0.01416
0 0.45216 0.083252 0.011574 0.01123
0 0.450617 0.07959 0.012346 0.011719
0 0.446952 0.077393 0.009645 0.010254
0 0.445602 0.067871 0.008488 0.010742
0 0.430363 0.093018 0.014275 0.016113
0 0.434799 0.073242 0.007716 0.009766
0 0.428048 0.074219 0.009645 0.009766
0 0.433449 0.067627 0.008873 0.007324
0 0.442323 0.05957 0.009645 0.014648
1 0.405864 0.069336 0.003086 0.004883
1 0.384645 0.086182 0.003858 0.008301
0 0.396605 0.079346 0.010031 0.009277
0 0.394869 0.072021 0.00733 0.007324
0 0.391975 0.075928 0.007716 0.009277
0 0.382523 0.079834 0.006559 0.008301
0 0.38098 0.076416 0.009645 0.007324
0 0.375193 0.081299 0.011188 0.01416
0 0.3424 0.109619 0.017361 0.019043
0 0.352045 0.107666 0.009645 0.01709
0 0.350309 0.103516 0.016204 0.019531
0 0.358989 0.100098 0.009645 0.015625
0 0.359954 0.097168 0.012346 0.014648
0 0.364005 0.093018 0.012731 0.012207
0 0.366127 0.090332 0.013117 0.013672
1 0.184606 0.165283 0.009645 0.038574
1 0.054398 0.522705 0.070988 0.153809
0 0.360918 0.184326 0.041281 0.059082
0 0.319059 0.174316 0.037809 0.045898
0 0.309221 0.191406 0.046682 0.051758
1 0.448688 0.109375 0.006944 0.024414
0 0.423418 0.05835 0.006559 0.009277
