0 0.708874 0.877739 0.219634 0.243526
0 0.454009 0.839641 0.169222 0.319721
0 0.190743 0.84238 0.199292 0.314243
0 0.610849 0.61255 0.144458 0.221116
0 0.44944 0.59238 0.110554 0.200697
0 0.274912 0.554283 0.110554 0.180279
0 0.985112 0.285857 0.029186 0.046813
1 0.894015 0.479084 0.02329 0.073705
1 0.882665 0.47261 0.039505 0.101594
1 0.76533 0.426544 0.025943 0.079183
1 0.715654 0.418078 0.029776 0.104084
1 0.963738 0.282869 0.01533 0.061753
1 0.849941 0.265936 0.018868 0.073705
0 0.905513 0.252241 0.078715 0.064243
0 0.846846 0.237799 0.061616 0.047311
0 0.813237 0.229582 0.045696 0.043825
0 0.788325 0.223855 0.052476 0.041335
0 0.758402 0.221365 0.03921 0.034363
0 0.742335 0.212649 0.057193 0.041833
1 0.69487 0.205179 0.007075 0.035857
1 0.682636 0.195468 0.00855 0.026394
1 0.684404 0.176544 0.00796 0.030378
0 0.713296 0.20493 0.042748 0.043327
0 0.609375 0.174054 0.053066 0.036355
0 0.450767 0.175299 0.019458 0.035857
0 0.499853 0.147908 0.040389 0.017928
0 0.491156 0.13994 0.041274 0.01494
0 0.474794 0.139442 0.022111 0.013944
0 0.467718 0.127739 0.016804 0.010458
0 0.249263 0.144173 0.036262 0.025398
0 0.245578 0.127988 0.035967 0.01494
0 0.236439 0.118775 0.034788 0.021414
0 0.421285 0.131225 0.01533 0.01743
0 0.43352 0.118277 0.013267 0.019422
0 0.432636 0.106076 0.010318 0.011952
0 0.420696 0.108566 0.011203 0.013944
0 0.352594 0.128237 0.014741 0.006474
0 0.338001 0.123755 0.015625 0.016434
0 0.429835 0.088645 0.008255 0.00996
0 0.407429 0.088894 0.008255 0.011454
0 0.41819 0.089641 0.006781 0.00996
0 0.371904 0.097112 0.013267 0.025896
0 0.376474 0.123755 0.021816 0.015438
0 0.304982 0.122012 0.00855 0.018924
0 0.395489 0.094373 0.006781 0.010458
0 0.400943 0.090388 0.007075 0.013446
0 0.363355 0.174801 0.160672 0.086653
0 0.067217 0.183018 0.043042 0.049303
0 0.648732 0.172809 0.029186 0.015936
