0 0.932739 0.766435 0.134033 0.29213
1 0.920776 0.507176 0.023682 0.09213
0 0.86853 0.389352 0.11792 0.108333
0 0.933105 0.322454 0.086914 0.049537
0 0.943848 0.269907 0.111816 0.126852
0 0.877808 0.256481 0.047607 0.10463
1 0.825928 0.279167 0.008301 0.037963
1 0.803101 0.198611 0.008545 0.027778
0 0.745483 0.221759 0.043213 0.048148
0 0.742432 0.173611 0.023438 0.05463
1 0.699463 0.18125 0.006836 0.031019
1 0.675537 0.167593 0.005371 0.011111
1 0.768677 0.244444 0.009033 0.038889
1 0.700684 0.245139 0.008301 0.040278
1 0.657959 0.239815 0.009766 0.026852
1 0.648193 0.231944 0.009766 0.025
0 0.610474 0.143056 0.015381 0.022222
0 0.599731 0.102083 0.006592 0.011574
0 0.60376 0.097685 0.005371 0.009259
0 0.598145 0.094213 0.006348 0.009722
0 0.606689 0.096065 0.005859 0.009722
0 0.612061 0.092824 0.004883 0.00787
0 0.608398 0.090278 0.004395 0.006481
0 0.617432 0.094444 0.006348 0.008333
1 0.504639 0.143519 0.004883 0.02037
1 0.559082 0.114352 0.004395 0.011111
0 0.419434 0.171296 0.029297 0.04537
0 0.302002 0.216667 0.039062 0.058333
0 0.317993 0.142593 0.020264 0.022222
0 0.257202 0.129167 0.036865 0.071296
0 0.039062 0.300694 0.078125 0.08287
0 0.198364 0.315509 0.079346 0.084722
0 0.445557 0.055093 0.043945 0.109259
0 0.506348 0.331713 0.112793 0.085648
