0 0.538542 0.606944 0.1125 0.189815
0 0.382031 0.274074 0.089063 0.181481
0 0.30651 0.195833 0.032813 0.043519
0 0.278125 0.769907 0.18125 0.326852
0 0.357292 0.190278 0.029167 0.043519
0 0.4625 0.213889 0.03125 0.05
0 0.382031 0.158796 0.020313 0.030556
0 0.383594 0.130556 0.028646 0.062963
0 0.368229 0.169907 0.026042 0.034259
0 0.410938 0.118056 0.015625 0.019444
0 0.620052 0.339352 0.082812 0.093519
0 0.419792 0.103241 0.016667 0.021296
0 0.401042 0.134259 0.009375 0.02963
1 0.184375 0.217593 0.0125 0.035185
1 0.739583 0.3875 0.027083 0.075
0 0.471354 0.091204 0.011458 0.017593
0 0.392188 0.107407 0.015625 0.022222
0 0.445833 0.080556 0.010417 0.016667
0 0.318229 0.101852 0.017708 0.012963
0 0.429167 0.086111 0.010417 0.007407
