1 0.017394 0.248008 0.011203 0.051793
0 0.146079 0.208914 0.022111 0.02241
0 0.198113 0.190986 0.035967 0.018426
0 0.39888 0.125 0.023585 0.020916
0 0.529629 0.092629 0.009729 0.020916
0 0.539505 0.098108 0.008255 0.012948
0 0.548644 0.097112 0.007665 0.010956
0 0.556604 0.10757 0.009434 0.012948
0 0.561026 0.103337 0.008255 0.01245
0 0.568101 0.105329 0.004717 0.010458
0 0.565006 0.141932 0.016215 0.022908
0 0.579157 0.148406 0.024469 0.025896
0 0.580336 0.15762 0.020342 0.028386
0 0.612176 0.099851 0.005601 0.01245
0 0.650796 0.09512 0.018573 0.015936
0 0.661557 0.12749 0.014741 0.023904
1 0.653597 0.14741 0.006486 0.026892
1 0.640035 0.128486 0.004127 0.012948
1 0.63635 0.150149 0.00737 0.020418
1 0.650649 0.201195 0.011203 0.038845
1 0.677624 0.223855 0.012087 0.035359
0 0.783756 0.208665 0.053361 0.045817
0 0.813827 0.211155 0.033903 0.042829
0 0.866008 0.210159 0.027417 0.038845
0 0.899764 0.217878 0.034788 0.047311
0 0.924676 0.220618 0.042748 0.051793
0 0.981427 0.223357 0.03184 0.049303
0 0.99145 0.229831 0.016509 0.044323
1 0.949882 0.321962 0.014741 0.085159
1 0.838591 0.574203 0.040389 0.15239
1 0.772406 0.482072 0.024175 0.141434
1 0.75737 0.471116 0.023585 0.133466
1 0.783903 0.444223 0.018278 0.071713
0 0.51931 0.106574 0.011498 0.011952
0 0.506191 0.117032 0.013561 0.015936
0 0.518131 0.117779 0.012087 0.016434
0 0.498821 0.129731 0.017689 0.02241
0 0.480837 0.14243 0.018868 0.022908
0 0.441775 0.171315 0.025649 0.02988
0 0.679688 0.81997 0.177771 0.264442
