0 0.245573 0.867593 0.219271 0.262963
0 0.400521 0.53287 0.098958 0.147222
0 0.523958 0.642593 0.107292 0.194444
0 0.5375 0.450463 0.070833 0.152778
0 0.080729 0.328241 0.092708 0.097222
0 0.357292 0.254167 0.080208 0.062037
0 0.389323 0.225926 0.051562 0.048148
0 0.504427 0.14213 0.021354 0.028704
0 0.536719 0.146759 0.020313 0.030556
0 0.507552 0.131019 0.015104 0.023148
0 0.513021 0.118519 0.020833 0.040741
0 0.525 0.118056 0.007292 0.021296
0 0.52526 0.1125 0.007812 0.021296
0 0.534375 0.09537 0.011458 0.016667
0 0.540365 0.091667 0.008854 0.014815
0 0.543229 0.085648 0.010417 0.013889
0 0.548958 0.077315 0.008333 0.012037
0 0.560417 0.081019 0.010417 0.015741
0 0.569531 0.087963 0.011979 0.014815
0 0.571354 0.077315 0.009375 0.008333
0 0.573438 0.084722 0.007292 0.012037
0 0.576302 0.065741 0.006771 0.009259
0 0.56224 0.057407 0.005729 0.007407
0 0.550521 0.061574 0.005208 0.006481
0 0.547396 0.058333 0.004167 0.007407
0 0.553125 0.05787 0.005208 0.006481
0 0.55651 0.055556 0.004687 0.007407
0 0.564844 0.050463 0.008854 0.012037
0 0.56224 0.049074 0.007812 0.012963
0 0.557292 0.050926 0.003125 0.007407
0 0.552865 0.05 0.005729 0.009259
0 0.548177 0.051389 0.003646 0.006481
0 0.544531 0.051389 0.003646 0.008333
0 0.503385 0.07037 0.015104 0.011111
0 0.497396 0.062037 0.005208 0.007407
0 0.503385 0.062963 0.010937 0.005556
0 0.295833 0.156944 0.019792 0.028704
0 0.375781 0.125 0.011979 0.012963
0 0.384375 0.118981 0.0125 0.017593
0 0.411458 0.107407 0.013542 0.011111
0 0.445052 0.087963 0.007812 0.005556
0 0.45651 0.085648 0.003646 0.006481
1 0.50026 0.089352 0.002604 0.015741
1 0.503385 0.088889 0.002604 0.012963
1 0.4875 0.100463 0.004167 0.015741
1 0.433073 0.12963 0.004687 0.025926
1 0.314844 0.173611 0.008854 0.036111
1 0.157552 0.234259 0.007812 0.042593
1 0.546615 0.300463 0.021354 0.075
1 0.471354 0.18287 0.0125 0.036111
1 0.619271 0.236574 0.013542 0.039815
1 0.626302 0.235185 0.015104 0.044444
