0 0.122721 0.703613 0.245443 0.208008
0 0.547526 0.502197 0.197917 0.14209
0 0.212565 0.510254 0.211589 0.12207
0 0.500651 0.402344 0.153646 0.111328
0 0.040039 0.419678 0.080078 0.111816
0 0.255534 0.406738 0.16862 0.09668
0 0.016602 0.210693 0.031901 0.037598
0 0.382487 0.145996 0.052734 0.027344
0 0.365234 0.134521 0.06901 0.030762
0 0.551107 0.157959 0.068359 0.030762
0 0.578451 0.126465 0.04362 0.023438
0 0.668945 0.101074 0.017578 0.010742
0 0.715169 0.091064 0.031901 0.012207
0 0.761719 0.082031 0.018229 0.009766
0 0.609049 0.08667 0.01888 0.019043
0 0.94043 0.209229 0.116536 0.04834
1 0.986979 0.479736 0.02474 0.071777
1 0.820312 0.37085 0.053385 0.08252
1 0.888021 0.364502 0.05599 0.083496
1 0.960612 0.361084 0.067057 0.084473
1 0.972656 0.351562 0.036458 0.060547
1 0.984049 0.372314 0.030599 0.066895
1 0.969727 0.29834 0.033203 0.06543
1 0.611979 0.152344 0.011719 0.030273
1 0.611003 0.146729 0.011068 0.028809
1 0.720052 0.124023 0.011719 0.009766
1 0.756836 0.105713 0.008464 0.012207
1 0.701497 0.106934 0.004557 0.010742
1 0.741211 0.104492 0.009766 0.016602
1 0.605143 0.085693 0.004557 0.007324
1 0.197917 0.156738 0.011719 0.029297
1 0.228516 0.156006 0.009115 0.027832
1 0.077799 0.176758 0.016276 0.025391
1 0.02181 0.165283 0.014974 0.022949
1 0.188477 0.155518 0.011068 0.031738
1 0.338216 0.221191 0.029297 0.033203
0 0.048503 0.15918 0.095703 0.026367
