1 0.498438 0.395833 0.0125 0.073611
1 0.677148 0.348958 0.010547 0.034028
1 0.711719 0.362153 0.009375 0.028472
1 0.722266 0.361458 0.010156 0.032639
1 0.698828 0.352083 0.0125 0.031944
0 0.730078 0.339931 0.065625 0.039583
1 0.562695 0.287153 0.010547 0.03125
0 0.620117 0.324653 0.062891 0.039583
0 0.521875 0.377083 0.049219 0.058333
0 0.625781 0.410069 0.060938 0.067361
0 0.646289 0.506944 0.091016 0.1
1 0.829883 0.36875 0.008984 0.023611
1 0.84082 0.378472 0.009766 0.026389
1 0.882031 0.394792 0.015625 0.027083
0 0.882617 0.374653 0.061328 0.04375
0 0.872852 0.339583 0.044922 0.0375
0 0.95957 0.363194 0.044922 0.038889
1 0.987109 0.411806 0.009375 0.052778
0 0.970313 0.33125 0.038281 0.033333
1 0.850781 0.321875 0.007031 0.034028
1 0.891406 0.309375 0.007031 0.027083
0 0.858789 0.529861 0.281641 0.333333
0 0.59375 0.601042 0.114844 0.135417
0 0.557617 0.262153 0.040234 0.028472
0 0.535938 0.258681 0.030469 0.025694
0 0.516211 0.254861 0.020703 0.027778
0 0.501172 0.264931 0.028125 0.028472
1 0.513867 0.271181 0.006641 0.020139
0 0.457031 0.280556 0.039062 0.034722
0 0.505273 0.244444 0.026172 0.018056
0 0.435547 0.240278 0.017969 0.020833
0 0.445117 0.240625 0.016016 0.017361
0 0.471094 0.255208 0.024219 0.027083
0 0.408203 0.236111 0.023438 0.018056
0 0.336328 0.269792 0.027344 0.034028
0 0.378711 0.287847 0.057422 0.082639
0 0.331055 0.308333 0.030859 0.047222
0 0.288672 0.309028 0.03125 0.043056
0 0.273242 0.284722 0.026953 0.036111
0 0.261133 0.26875 0.024609 0.029167
0 0.248047 0.25625 0.022656 0.027778
0 0.238867 0.270139 0.022266 0.034722
0 0.222266 0.262847 0.01875 0.029861
0 0.230273 0.246528 0.016797 0.0125
0 0.2125 0.246875 0.021875 0.022917
0 0.195508 0.236111 0.022266 0.029167
0 0.176172 0.241667 0.019531 0.023611
0 0.143164 0.232986 0.021484 0.022917
0 0.330469 0.245833 0.024219 0.020833
0 0.3125 0.239236 0.021094 0.021528
0 0.254492 0.232639 0.017578 0.018056
0 0.251953 0.213194 0.020313 0.0125
0 0.257617 0.215625 0.010547 0.013194
0 0.266797 0.217014 0.0125 0.010417
1 0.151953 0.240625 0.00625 0.011806
1 0.111523 0.315625 0.010547 0.052083
1 0.154492 0.361111 0.013672 0.052778
1 0.069727 0.403819 0.019141 0.032639
1 0.082031 0.401389 0.01875 0.073611
1 0.099023 0.365278 0.012109 0.052778
1 0.110742 0.385417 0.016797 0.066667
1 0.138477 0.375694 0.016016 0.031944
1 0.142969 0.410764 0.017969 0.057639
1 0.110742 0.525 0.024609 0.118056
1 0.033789 0.482986 0.022266 0.035417
1 0.029102 0.439236 0.020703 0.053472
1 0.072461 0.434722 0.016797 0.033333
1 0.079688 0.501389 0.028906 0.083333
0 0.07832 0.636806 0.031641 0.126389
1 0.130859 0.585069 0.032031 0.065972
1 0.139844 0.634028 0.035156 0.094444
0 0.358594 0.469792 0.061719 0.135417
0 0.295117 0.41875 0.056641 0.095833
0 0.335938 0.377083 0.054688 0.0625
0 0.248242 0.356944 0.038672 0.055556
0 0.238867 0.307639 0.030859 0.044444
0 0.803711 0.880208 0.225391 0.238194
0 0.945703 0.892014 0.107813 0.195139
1 0.00918 0.383681 0.013672 0.015972
1 0.003125 0.366667 0.005469 0.034722
