0 0.477742 0.711404 0.168337 0.259462
1 0.134287 0.144671 0.005601 0.021414
1 0.130159 0.144173 0.005012 0.02739
0 0.245725 0.128984 0.038031 0.027888
0 0.411557 0.080179 0.010024 0.022908
0 0.396963 0.100847 0.015035 0.021414
0 0.418042 0.141185 0.018278 0.030378
0 0.433078 0.133466 0.01533 0.0249
0 0.418779 0.112799 0.013267 0.020418
0 0.42217 0.100847 0.009434 0.016434
0 0.433815 0.104333 0.010908 0.021414
1 0.48865 0.156375 0.005601 0.020916
0 0.50737 0.154382 0.050118 0.035857
0 0.494399 0.148157 0.038915 0.02739
0 0.484965 0.136703 0.041863 0.026394
0 0.474794 0.125249 0.032724 0.020418
0 0.469929 0.116783 0.034788 0.026394
0 0.605985 0.173058 0.049823 0.033367
0 0.717423 0.202689 0.049233 0.041833
0 0.903154 0.257719 0.077535 0.056275
0 0.86763 0.245518 0.066627 0.049801
0 0.856574 0.234562 0.062795 0.051793
0 0.808667 0.230329 0.059552 0.047311
0 0.784493 0.223357 0.054245 0.041335
1 0.799528 0.200448 0.008844 0.023406
1 0.793779 0.198705 0.006781 0.0249
1 0.78921 0.197958 0.007665 0.026394
1 0.749705 0.2251 0.009434 0.048805
0 0.777417 0.21738 0.06191 0.043327
0 0.737618 0.20991 0.056604 0.046315
1 0.73806 0.230329 0.011498 0.043327
0 0.989534 0.29258 0.020342 0.053287
0 0.975088 0.284861 0.036262 0.053785
