1 0.697998 0.861003 0.091309 0.214193
1 0.651367 0.776042 0.0625 0.138021
1 0.687012 0.78776 0.040039 0.143229
0 0.626221 0.621419 0.229004 0.134766
0 0.744385 0.539388 0.197754 0.117839
0 0.560791 0.357747 0.069824 0.08138
0 0.433105 0.38151 0.044922 0.050781
0 0.449219 0.338216 0.023438 0.025391
0 0.357422 0.374023 0.037109 0.041016
0 0.359131 0.355469 0.029785 0.032552
0 0.300049 0.371745 0.038574 0.040365
0 0.347656 0.317708 0.018555 0.022135
0 0.307373 0.358724 0.033691 0.035156
0 0.245117 0.374023 0.041992 0.041016
0 0.262695 0.354492 0.03418 0.044922
0 0.191406 0.375326 0.047852 0.042318
0 0.228271 0.332031 0.028809 0.027344
0 0.263184 0.307943 0.033203 0.033854
0 0.315674 0.292318 0.013184 0.013021
0 0.381348 0.298503 0.012695 0.016276
0 0.460449 0.286784 0.008789 0.011068
0 0.448486 0.280924 0.008301 0.005859
0 0.468506 0.27832 0.007324 0.005859
0 0.450928 0.279622 0.007324 0.005859
0 0.277588 0.45931 0.128418 0.069661
0 0.071533 0.49707 0.143066 0.222005
1 0.033691 0.38444 0.013672 0.016276
0 0.028076 0.674479 0.056152 0.104167
0 0.996094 0.506185 0.006836 0.037109
1 0.966064 0.385742 0.015137 0.033203
1 0.874268 0.392253 0.01123 0.037109
1 0.832764 0.384115 0.016113 0.03776
1 0.297363 0.297526 0.003906 0.016927
0 0.298584 0.291341 0.009277 0.013672
0 0.432373 0.277344 0.01123 0.00651
0 0.412598 0.277669 0.009766 0.007161
