0 0.592718 0.763944 0.177182 0.337649
0 0.575914 0.49751 0.106427 0.183267
0 0.330778 0.827191 0.221698 0.344622
0 0.197671 0.642928 0.200767 0.273904
0 0.068691 0.955926 0.137382 0.087151
0 0.62043 0.979582 0.190743 0.039841
1 0.818101 0.194223 0.006486 0.046813
1 0.866156 0.188745 0.011792 0.032869
1 0.898438 0.276145 0.017394 0.073207
1 0.862471 0.276145 0.02329 0.052291
1 0.794517 0.316982 0.021226 0.080179
1 0.813384 0.291335 0.008255 0.034861
1 0.821344 0.268426 0.018278 0.034861
1 0.619988 0.124751 0.007075 0.025398
0 0.962117 0.225349 0.029776 0.034363
0 0.516509 0.142679 0.022995 0.037351
0 0.528892 0.12998 0.020637 0.027888
0 0.493662 0.117779 0.017394 0.024402
0 0.427624 0.174801 0.033314 0.043825
0 0.435731 0.157122 0.027712 0.034363
0 0.445755 0.147161 0.022406 0.035359
0 0.414505 0.140438 0.025943 0.035857
0 0.389741 0.170568 0.03125 0.046315
0 0.393721 0.159612 0.028597 0.036355
0 0.403744 0.150896 0.02388 0.039841
0 0.34375 0.168078 0.035377 0.044323
0 0.362323 0.158367 0.025943 0.041833
0 0.368367 0.143675 0.028007 0.034363
1 0.268131 0.142679 0.00855 0.020418
1 0.265625 0.154382 0.008255 0.017928
1 0.134139 0.20742 0.01533 0.036355
1 0.141804 0.198705 0.008255 0.033865
1 0.158314 0.187998 0.011203 0.024402
1 0.167158 0.192231 0.011792 0.025896
1 0.185436 0.180279 0.011792 0.018924
1 0.190743 0.196713 0.014151 0.033865
1 0.201356 0.170817 0.012382 0.0249
1 0.207695 0.203436 0.012677 0.043327
1 0.220814 0.173058 0.014741 0.023406
1 0.288768 0.141185 0.00855 0.011454
1 0.35112 0.101096 0.005307 0.01494
0 0.369546 0.101096 0.024469 0.015936
0 0.411704 0.098108 0.020342 0.021912
0 0.427624 0.098108 0.012087 0.017928
0 0.431456 0.092131 0.013267 0.016932
0 0.437942 0.089392 0.00796 0.01743
0 0.441627 0.086653 0.007665 0.012948
0 0.444133 0.085906 0.006781 0.015438
0 0.506486 0.078934 0.008844 0.011454
1 0.559404 0.151643 0.009139 0.025398
0 0.477742 0.06001 0.00737 0.008466
0 0.484375 0.060508 0.005896 0.00747
0 0.490566 0.060259 0.005896 0.012948
0 0.50457 0.061255 0.005601 0.00996
0 0.508844 0.066484 0.007665 0.011454
0 0.512824 0.062749 0.005012 0.00996
0 0.395489 0.082918 0.00796 0.013446
