0 0.686198 0.891204 0.184896 0.215741
0 0.20026 0.788426 0.400521 0.421296
0 0.380469 0.525 0.105729 0.164815
0 0.077083 0.675926 0.151042 0.411111
0 0.029167 0.396759 0.058333 0.29537
0 0.422396 0.38287 0.061458 0.093519
0 0.521615 0.201389 0.055729 0.147222
0 0.371354 0.151852 0.051042 0.107407
0 0.315885 0.164352 0.064062 0.115741
0 0.408073 0.127778 0.022396 0.055556
0 0.515625 0.102315 0.011458 0.021296
0 0.483854 0.088426 0.010417 0.023148
0 0.497656 0.087963 0.008854 0.016667
0 0.509115 0.088889 0.007812 0.012963
0 0.448958 0.086111 0.00625 0.011111
0 0.470833 0.079167 0.005208 0.008333
0 0.48724 0.078704 0.006771 0.014815
