1 0.721993 0.504233 0.035967 0.103088
0 0.229953 0.289841 0.099057 0.070717
0 0.016657 0.252739 0.028597 0.040339
0 0.043927 0.246016 0.034198 0.042829
0 0.074587 0.239542 0.041274 0.039841
0 0.103331 0.234064 0.03862 0.039841
0 0.141804 0.216135 0.01533 0.012948
0 0.169369 0.219124 0.042748 0.042829
0 0.200324 0.213894 0.043337 0.045319
0 0.231574 0.211404 0.036851 0.037351
1 0.097435 0.264193 0.011498 0.041335
1 0.159788 0.263446 0.011792 0.055777
1 0.295401 0.198705 0.009434 0.042829
1 0.339917 0.226594 0.011792 0.036853
1 0.363502 0.190737 0.009434 0.030876
0 0.371757 0.165837 0.011792 0.022908
0 0.373821 0.157122 0.016509 0.028386
0 0.382075 0.15488 0.012382 0.0249
0 0.398438 0.150398 0.00737 0.023904
0 0.404186 0.145667 0.01592 0.02241
0 0.414062 0.140936 0.012677 0.020916
0 0.418337 0.138446 0.016509 0.020916
0 0.423054 0.137948 0.01592 0.018924
0 0.433078 0.132968 0.027712 0.020916
0 0.497642 0.130478 0.03066 0.020916
0 0.54319 0.135707 0.016804 0.024402
0 0.553656 0.132221 0.011203 0.019422
0 0.569575 0.134213 0.016509 0.023406
0 0.563532 0.11006 0.010908 0.017928
0 0.580041 0.10757 0.010908 0.01494
0 0.580631 0.1001 0.009139 0.011952
0 0.571639 0.101594 0.009434 0.012948
0 0.604511 0.109313 0.010908 0.015438
0 0.621757 0.128735 0.014151 0.020418
0 0.613208 0.099104 0.010024 0.016932
0 0.600236 0.09761 0.008844 0.011952
0 0.610996 0.091384 0.006781 0.008466
0 0.583726 0.094622 0.01592 0.012948
0 0.583432 0.0874 0.008255 0.00747
0 0.589475 0.086404 0.006781 0.00747
0 0.602594 0.091882 0.008255 0.010458
0 0.584906 0.078934 0.005896 0.00747
0 0.51194 0.115289 0.012677 0.014442
0 0.517246 0.114044 0.006781 0.010956
0 0.491156 0.106325 0.018868 0.014442
0 0.49941 0.102092 0.007075 0.012948
1 0.748231 0.193725 0.009434 0.016932
1 0.778154 0.20244 0.009139 0.036355
0 0.78582 0.200697 0.032724 0.038845
0 0.767836 0.186504 0.026238 0.036355
0 0.759287 0.179283 0.0227 0.031873
0 0.751621 0.173805 0.024469 0.027888
0 0.744988 0.168327 0.020047 0.028884
0 0.736291 0.160359 0.013856 0.025896
0 0.726562 0.156624 0.013856 0.028386
0 0.719045 0.154631 0.010024 0.026394
0 0.713443 0.153137 0.005307 0.02241
0 0.709611 0.144671 0.014151 0.021414
0 0.681899 0.124004 0.011203 0.018924
0 0.699292 0.13745 0.018278 0.023904
0 0.746757 0.130478 0.016509 0.023904
0 0.75398 0.13496 0.010908 0.021912
0 0.764446 0.13745 0.01592 0.023904
0 0.785672 0.148157 0.017689 0.024402
0 0.813532 0.163347 0.038031 0.028884
0 0.833137 0.175299 0.048939 0.02988
0 0.841539 0.159612 0.033314 0.011454
0 0.853184 0.173556 0.045991 0.034363
0 0.856132 0.177042 0.041274 0.032371
0 0.853626 0.189741 0.032134 0.030876
0 0.870283 0.188994 0.039505 0.030378
0 0.877948 0.196464 0.044811 0.036355
0 0.895047 0.200946 0.058373 0.041335
1 0.868662 0.151892 0.00855 0.017928
0 0.955631 0.323207 0.088149 0.072709
0 0.889446 0.335657 0.12441 0.092629
0 0.761792 0.277141 0.104363 0.061255
0 0.607754 0.283118 0.11704 0.071215
0 0.519605 0.272659 0.095814 0.065239
0 0.502506 0.244024 0.079894 0.055777
0 0.597583 0.232819 0.068396 0.051295
1 0.598762 0.203187 0.008844 0.015936
1 0.613945 0.207918 0.00737 0.019422
1 0.68411 0.134213 0.004422 0.014442
1 0.047465 0.450697 0.025943 0.100598
