0 0.572966 0.935259 0.18013 0.128486
0 0.310436 0.892928 0.199292 0.213147
0 0.345666 0.65488 0.112913 0.179283
0 0.545401 0.669572 0.116156 0.217629
0 0.724499 0.738297 0.143573 0.193725
1 0.984228 0.577191 0.030955 0.099602
1 0.873084 0.516932 0.022111 0.104582
0 0.921285 0.425548 0.135613 0.081175
0 0.976857 0.406125 0.045696 0.057271
1 0.753096 0.469373 0.032134 0.109064
1 0.705926 0.532122 0.030955 0.11504
1 0.585643 0.506723 0.026238 0.090139
1 0.599351 0.496514 0.029481 0.084661
1 0.514888 0.48506 0.037441 0.089641
1 0.478921 0.489791 0.029186 0.090139
1 0.360554 0.44995 0.025943 0.103088
1 0.315301 0.48257 0.016804 0.067729
1 0.331073 0.471614 0.022995 0.085657
1 0.31648 0.446962 0.013856 0.071215
1 0.329746 0.434761 0.015035 0.050797
1 0.282724 0.432271 0.021816 0.075697
1 0.19089 0.456673 0.026828 0.081673
1 0.057783 0.433267 0.025354 0.093625
1 0.048054 0.38247 0.022995 0.066733
1 0.008402 0.394173 0.016804 0.087151
0 0.073555 0.31001 0.048054 0.075199
0 0.027123 0.221614 0.050118 0.031873
0 0.126179 0.233566 0.041274 0.039841
0 0.204746 0.270418 0.057488 0.046813
0 0.344929 0.299552 0.07842 0.068227
0 0.502211 0.374751 0.100531 0.076195
0 0.588149 0.378486 0.105542 0.076693
1 0.759729 0.31997 0.009434 0.057271
1 0.625737 0.231076 0.006781 0.027888
1 0.61306 0.231076 0.005012 0.022908
1 0.641215 0.248257 0.004717 0.01743
1 0.554835 0.274402 0.011792 0.046813
1 0.536409 0.276394 0.011498 0.037849
1 0.538178 0.266434 0.004422 0.021912
1 0.490713 0.260209 0.010318 0.031375
1 0.497642 0.253735 0.006486 0.021414
1 0.46536 0.253735 0.009729 0.029382
0 0.460348 0.24502 0.026238 0.032869
0 0.427034 0.236056 0.025649 0.036853
1 0.406397 0.24751 0.010318 0.027888
1 0.385908 0.242779 0.008255 0.026394
0 0.39431 0.233566 0.026238 0.032869
1 0.362323 0.249004 0.008844 0.035857
1 0.331073 0.234811 0.011792 0.021414
1 0.338886 0.231325 0.006191 0.023406
1 0.34316 0.230578 0.006486 0.025896
0 0.46477 0.302291 0.072229 0.047809
0 0.052771 0.201444 0.030071 0.023406
0 0.058962 0.181773 0.033608 0.01992
0 0.041863 0.181773 0.012382 0.017928
0 0.093013 0.174303 0.019163 0.017928
0 0.119546 0.177042 0.033314 0.01743
0 0.140772 0.173058 0.028007 0.016434
0 0.1676 0.171564 0.029186 0.016434
0 0.186468 0.169074 0.013267 0.016434
0 0.175118 0.162849 0.011792 0.00996
0 0.201061 0.169821 0.011792 0.016932
0 0.217423 0.176793 0.031545 0.016932
0 0.229068 0.172062 0.023585 0.011454
0 0.240713 0.171564 0.017983 0.010458
1 0.196787 0.196215 0.003243 0.025896
0 0.145195 0.22261 0.025649 0.023904
1 0.178213 0.205428 0.00796 0.014442
0 0.230837 0.240289 0.042453 0.036355
1 0.270784 0.233815 0.010318 0.032371
1 0.278597 0.236554 0.008844 0.036853
1 0.294222 0.236305 0.011792 0.043327
1 0.305277 0.201942 0.006781 0.024402
0 0.306309 0.184761 0.036557 0.018924
1 0.338886 0.195219 0.004422 0.023904
1 0.378096 0.194223 0.005012 0.022908
1 0.349204 0.184761 0.004422 0.020916
0 0.442364 0.177042 0.014446 0.014442
0 0.482459 0.163098 0.012087 0.009462
0 0.457252 0.161355 0.018278 0.011952
0 0.452388 0.160359 0.020342 0.013944
0 0.434257 0.158616 0.006486 0.011454
0 0.429393 0.158118 0.004422 0.009462
0 0.398438 0.157869 0.013856 0.012948
