0 0.961182 0.417643 0.07666 0.057943
1 0.993408 0.375326 0.012207 0.039714
1 0.728516 0.400716 0.016602 0.046224
1 0.691406 0.397135 0.016602 0.049479
1 0.668945 0.398438 0.012695 0.050781
1 0.661865 0.396159 0.010254 0.046224
1 0.662598 0.358724 0.010742 0.035156
0 0.518799 0.354167 0.044434 0.032552
0 0.412354 0.287435 0.01416 0.01237
0 0.42334 0.284505 0.014648 0.011719
0 0.438721 0.282227 0.01416 0.01237
0 0.453125 0.280599 0.016602 0.015625
0 0.370605 0.293945 0.024414 0.022786
0 0.380615 0.305339 0.032715 0.020833
0 0.339844 0.299805 0.024414 0.01888
0 0.343018 0.323568 0.029785 0.02474
0 0.312256 0.305339 0.027832 0.026042
0 0.307617 0.325521 0.029297 0.027344
0 0.274902 0.341146 0.039062 0.044271
0 0.302734 0.363607 0.036133 0.055339
0 0.321289 0.276042 0.008789 0.011719
0 0.327393 0.276042 0.010254 0.011719
0 0.393311 0.284831 0.012207 0.009766
0 0.403809 0.278646 0.009766 0.010417
0 0.418701 0.272461 0.01123 0.011068
1 0.12793 0.341797 0.013672 0.035156
1 0.015869 0.406901 0.016113 0.054688
1 0.006592 0.407878 0.012207 0.054036
