0 0.756752 0.556885 0.168596 0.195801
0 0.383295 0.256836 0.085262 0.078125
0 0.172261 0.301758 0.13696 0.09375
0 0.250772 0.32959 0.147377 0.107422
0 0.826775 0.223633 0.100309 0.056641
0 0.365548 0.143555 0.03588 0.032227
0 0.417631 0.141846 0.03588 0.034668
0 0.955633 0.211426 0.087191 0.042969
0 0.4701 0.141846 0.032022 0.034668
0 0.348958 0.128174 0.032022 0.029785
0 0.385995 0.133057 0.028164 0.032715
1 0.575039 0.156006 0.014275 0.041504
0 0.750386 0.102051 0.034722 0.020508
0 0.50463 0.084229 0.013117 0.015137
0 0.478974 0.085938 0.015046 0.016602
1 0.341242 0.15918 0.014275 0.036133
0 0.375579 0.115723 0.027392 0.022461
1 0.534722 0.151611 0.012346 0.035645
1 0.831983 0.178711 0.01196 0.041016
0 0.606674 0.078857 0.012731 0.01416
0 0.576968 0.070557 0.010417 0.010254
0 0.510224 0.074219 0.012731 0.013672
0 0.497685 0.065674 0.012346 0.019043
0 0.588735 0.067383 0.010031 0.011719
1 0.489005 0.152344 0.010417 0.032227
0 0.52064 0.069336 0.010417 0.011719
0 0.896991 0.530518 0.194444 0.45459
