0 0.111883 0.414307 0.167438 0.144043
0 0.721258 0.225098 0.104552 0.060547
0 0.751736 0.546387 0.162423 0.192383
0 0.284144 0.292969 0.094522 0.089844
0 0.065779 0.346191 0.131559 0.109375
0 0.903164 0.206543 0.087191 0.046875
0 0.417631 0.141846 0.03588 0.034668
0 0.365934 0.143311 0.036651 0.032715
0 0.469522 0.141846 0.031636 0.034668
0 0.385995 0.133057 0.028164 0.034668
0 0.337963 0.133301 0.033951 0.032227
0 0.901235 0.468018 0.195988 0.331543
0 0.472029 0.088135 0.01659 0.01709
1 0.831404 0.181641 0.012346 0.044922
0 0.750193 0.101807 0.032793 0.019043
0 0.365934 0.119141 0.028164 0.022461
1 0.445795 0.150879 0.012731 0.03125
0 0.576003 0.070068 0.010031 0.010254
1 0.555363 0.154053 0.010417 0.041504
0 0.500193 0.087891 0.015046 0.015625
1 0.303048 0.162842 0.012731 0.039551
0 0.975116 0.223389 0.048225 0.050293
0 0.612269 0.078857 0.013889 0.012207
0 0.502701 0.075928 0.013889 0.012207
0 0.58777 0.065918 0.00733 0.011719
0 0.519483 0.070801 0.010417 0.011719
1 0.230903 0.133057 0.011188 0.023926
0 0.496721 0.06665 0.015818 0.019043
0 0.5951 0.060303 0.006559 0.010254
0 0.510224 0.073975 0.008102 0.010254
1 0.14159 0.160889 0.013889 0.041504
