0 0.75135 0.545898 0.164738 0.192383
0 0.498843 0.244141 0.114198 0.074219
0 0.052855 0.478516 0.104938 0.167969
0 0.803434 0.226562 0.09838 0.058594
0 0.416474 0.14209 0.037423 0.036133
0 0.365934 0.143311 0.03588 0.032715
0 0.320795 0.140137 0.037423 0.036133
0 0.469329 0.143066 0.032793 0.036133
0 0.949653 0.211182 0.094522 0.041504
0 0.803241 0.192383 0.083333 0.038086
0 0.385031 0.133301 0.033179 0.036133
0 0.485725 0.09668 0.018519 0.020508
1 0.510224 0.153809 0.015046 0.041016
0 0.351659 0.12793 0.03125 0.029297
0 0.458912 0.095215 0.018904 0.020508
0 0.498457 0.108643 0.022377 0.023926
0 0.750193 0.101807 0.032793 0.019043
0 0.513503 0.075684 0.012346 0.013672
0 0.48669 0.081055 0.01659 0.015625
0 0.498457 0.065186 0.013117 0.019043
1 0.596644 0.153809 0.010417 0.036133
0 0.574074 0.067139 0.008488 0.010254
1 0.211998 0.17334 0.01659 0.044922
0 0.586806 0.063721 0.008488 0.010254
1 0.832755 0.171387 0.012731 0.022461
0 0.527585 0.081543 0.012731 0.015625
1 0.228974 0.123047 0.010417 0.020508
1 0.350116 0.153564 0.012731 0.028809
1 0.259838 0.12085 0.008102 0.019043
0 0.574267 0.054932 0.008102 0.010254
0 0.903164 0.535645 0.189815 0.466797
