0 0.754437 0.550293 0.166281 0.194336
0 0.332755 0.272461 0.089892 0.083008
0 0.184221 0.365234 0.155478 0.121094
0 0.112654 0.322266 0.147377 0.098633
0 0.774113 0.223389 0.100694 0.059082
0 0.417245 0.141846 0.03588 0.034668
0 0.365548 0.143311 0.03588 0.032715
0 0.385802 0.133057 0.029321 0.034668
0 0.901235 0.467529 0.195988 0.331543
0 0.341242 0.130859 0.03125 0.03125
0 0.931906 0.209229 0.09375 0.04541
0 0.469522 0.141846 0.031636 0.034668
0 0.475116 0.086426 0.015046 0.015625
0 0.749228 0.101807 0.033951 0.019043
0 0.502508 0.086426 0.014275 0.015625
1 0.831404 0.181641 0.012346 0.044922
1 0.565008 0.15625 0.010417 0.041016
0 0.371335 0.117676 0.028164 0.022461
1 0.546296 0.152344 0.012346 0.036133
0 0.576582 0.070801 0.008873 0.009766
0 0.608796 0.079102 0.012346 0.013672
0 0.497492 0.065674 0.014275 0.019043
1 0.322338 0.161133 0.012731 0.038086
0 0.506944 0.075684 0.013117 0.011719
0 0.58777 0.066895 0.008102 0.011719
0 0.520062 0.070312 0.010031 0.011719
1 0.221451 0.137939 0.013117 0.032715
0 0.5951 0.061523 0.006559 0.008789
1 0.4674 0.151855 0.012731 0.029297
