0 0.754051 0.545654 0.167052 0.193848
0 0.44811 0.251953 0.119213 0.078125
0 0.754051 0.229004 0.099923 0.0625
0 0.365548 0.143311 0.037423 0.034668
0 0.782793 0.191895 0.082562 0.042969
0 0.41821 0.14209 0.037809 0.036133
0 0.319059 0.140625 0.036265 0.036133
0 0.469522 0.142822 0.033951 0.037598
0 0.385031 0.133057 0.033179 0.037598
0 0.495949 0.112061 0.024306 0.025879
0 0.923418 0.207764 0.089892 0.04541
0 0.349537 0.129395 0.032407 0.03125
0 0.750386 0.101807 0.034722 0.019043
0 0.48206 0.099121 0.019676 0.020508
0 0.455054 0.09668 0.020448 0.020508
1 0.831983 0.182129 0.01196 0.046875
0 0.51196 0.076172 0.013117 0.013672
1 0.607253 0.155029 0.010802 0.032715
0 0.483603 0.082275 0.01659 0.01709
1 0.191937 0.175293 0.015818 0.044922
0 0.497878 0.066162 0.014275 0.02002
0 0.574267 0.067627 0.008873 0.010254
1 0.326968 0.152344 0.01196 0.027344
0 0.586806 0.063965 0.008488 0.009766
0 0.527778 0.083008 0.012346 0.016602
0 0.901042 0.528809 0.19483 0.455078
1 0.218943 0.126709 0.010417 0.020996
0 0.594136 0.058838 0.008488 0.008301
0 0.574267 0.05542 0.008102 0.008301
0 0.526235 0.069092 0.008488 0.01416
1 0.49865 0.156006 0.018904 0.044434
