0 0.555363 0.237793 0.110725 0.069336
0 0.752122 0.544678 0.163966 0.192871
0 0.111883 0.407227 0.127315 0.136719
0 0.857832 0.223389 0.09838 0.057129
0 0.417245 0.141846 0.03588 0.034668
0 0.365741 0.143311 0.037809 0.032715
0 0.469329 0.142822 0.032022 0.035645
0 0.324846 0.139404 0.036265 0.034668
0 0.827353 0.195801 0.082948 0.038086
0 0.385995 0.133301 0.028164 0.036133
0 0.750193 0.101807 0.032793 0.019043
0 0.461613 0.093018 0.018133 0.019043
1 0.521412 0.155762 0.015046 0.041016
0 0.965664 0.217529 0.06713 0.035645
0 0.355517 0.125732 0.032022 0.027832
0 0.502122 0.106934 0.021991 0.023438
0 0.514853 0.074219 0.010417 0.011719
1 0.586613 0.152832 0.008873 0.036133
0 0.498264 0.065918 0.014275 0.018555
0 0.574653 0.068604 0.008873 0.010254
0 0.490934 0.07959 0.014275 0.015625
1 0.236883 0.167969 0.01466 0.041016
0 0.586227 0.063965 0.008102 0.011719
0 0.489198 0.095215 0.016975 0.018555
0 0.528164 0.081055 0.010031 0.015625
1 0.831983 0.169922 0.01196 0.020508
0 0.900077 0.537109 0.195988 0.473633
1 0.37635 0.152344 0.010417 0.027344
0 0.525077 0.068604 0.00463 0.012207
1 0.252701 0.126465 0.010031 0.022461
