0 0.649113 0.237305 0.106096 0.067383
0 0.751736 0.545898 0.164738 0.192383
0 0.342593 0.275879 0.131173 0.089844
0 0.365741 0.143311 0.037809 0.034668
0 0.318287 0.141846 0.037809 0.037598
0 0.880015 0.204346 0.091821 0.043457
0 0.743441 0.185547 0.075617 0.042969
0 0.417245 0.142334 0.037423 0.035645
0 0.469329 0.141846 0.032022 0.034668
0 0.385031 0.133057 0.032407 0.037598
0 0.490934 0.117676 0.027392 0.027344
0 0.95814 0.225342 0.082948 0.050293
0 0.475694 0.103516 0.020833 0.022461
0 0.34375 0.131348 0.029321 0.032227
0 0.447531 0.099854 0.020833 0.021973
0 0.750386 0.101807 0.034722 0.019043
1 0.831983 0.182129 0.01196 0.046875
0 0.478974 0.084717 0.01659 0.01709
1 0.47473 0.154297 0.011188 0.040039
0 0.507137 0.078369 0.014275 0.015137
0 0.572724 0.066895 0.008873 0.008789
0 0.49865 0.066895 0.01659 0.020508
1 0.280478 0.152588 0.013889 0.034668
0 0.902778 0.532715 0.19213 0.462891
0 0.470872 0.079834 0.01196 0.015137
0 0.586613 0.063477 0.00733 0.009766
1 0.152585 0.17749 0.014275 0.041504
0 0.522762 0.07251 0.012346 0.01416
0 0.525849 0.086426 0.010802 0.016602
1 0.196952 0.144043 0.019676 0.032227
1 0.626736 0.155518 0.010417 0.032715
