0 0.570795 0.647461 0.166281 0.242188
0 0.75135 0.54541 0.162423 0.192383
0 0.387539 0.272705 0.116898 0.08252
0 0.570602 0.231445 0.108796 0.071289
0 0.365548 0.143311 0.037423 0.034668
0 0.417438 0.142822 0.037809 0.035645
0 0.078318 0.319092 0.131173 0.101074
0 0.830826 0.22583 0.099923 0.052246
0 0.721258 0.173096 0.053627 0.036621
0 0.319059 0.141357 0.037809 0.035645
0 0.469522 0.143066 0.033951 0.036133
0 0.618827 0.212646 0.07716 0.053223
0 0.90027 0.864258 0.196373 0.270508
0 0.385995 0.134033 0.03125 0.037598
0 0.433063 0.132324 0.028164 0.032227
0 0.443094 0.126465 0.024306 0.029297
0 0.643519 0.132324 0.026235 0.03125
0 0.612076 0.098145 0.018904 0.020508
0 0.451775 0.119629 0.025463 0.029297
0 0.341242 0.133301 0.02662 0.032227
0 0.588735 0.083008 0.013889 0.015625
0 0.440008 0.089844 0.020448 0.022461
0 0.496528 0.091064 0.017747 0.019043
0 0.750386 0.101807 0.034722 0.019043
0 0.899306 0.522949 0.198302 0.439453
0 0.563079 0.095703 0.01659 0.020508
0 0.380015 0.111572 0.029321 0.02002
1 0.853395 0.183594 0.010802 0.046875
0 0.411265 0.118408 0.025463 0.023926
0 0.502508 0.075195 0.012731 0.013672
0 0.421103 0.112305 0.023534 0.020508
0 0.396991 0.106934 0.022377 0.020508
0 0.490162 0.080811 0.015046 0.01416
0 0.566937 0.08252 0.014275 0.016602
0 0.575617 0.065186 0.009259 0.010254
0 0.397569 0.126465 0.019676 0.025391
1 0.309992 0.1604 0.015046 0.032715
0 0.514275 0.072266 0.012346 0.013672
0 0.612461 0.085693 0.014275 0.01416
0 0.497878 0.065674 0.014275 0.019043
0 0.45081 0.086914 0.015818 0.017578
0 0.359568 0.120361 0.026235 0.021973
0 0.58912 0.07251 0.013117 0.015137
1 0.273727 0.167969 0.014275 0.036133
0 0.595486 0.056885 0.006559 0.008301
0 0.574653 0.053467 0.006559 0.007324
0 0.360147 0.094482 0.006559 0.015137
