0 0.364776 0.265381 0.119985 0.092285
0 0.570988 0.648438 0.165123 0.241211
0 0.750386 0.54541 0.159722 0.192383
0 0.296103 0.247559 0.111497 0.074219
0 0.641011 0.234131 0.110725 0.063965
0 0.813079 0.225586 0.100694 0.049805
0 0.417245 0.142822 0.037423 0.035645
0 0.159336 0.369629 0.141204 0.121094
0 0.364005 0.143799 0.038194 0.034668
0 0.319059 0.14209 0.039352 0.036133
0 0.469907 0.143066 0.033951 0.036133
0 0.887731 0.831299 0.221451 0.336426
0 0.673032 0.153076 0.03588 0.032715
0 0.38561 0.133789 0.03125 0.038086
0 0.433063 0.132812 0.028164 0.03125
0 0.487269 0.097412 0.020062 0.021973
0 0.443094 0.126465 0.024306 0.029297
0 0.633873 0.119629 0.029321 0.024414
0 0.750193 0.102051 0.032793 0.018555
0 0.451775 0.119385 0.024691 0.027832
0 0.895255 0.509033 0.206404 0.414551
0 0.476659 0.086182 0.01659 0.01709
1 0.853395 0.182861 0.010802 0.044434
0 0.376929 0.112061 0.026235 0.019043
0 0.608025 0.090576 0.016204 0.01709
0 0.340085 0.133789 0.028164 0.03125
0 0.421103 0.112793 0.022762 0.020508
0 0.392554 0.107666 0.021991 0.019043
0 0.410301 0.119141 0.027392 0.023438
0 0.492863 0.078857 0.015046 0.015137
0 0.58314 0.077637 0.01196 0.013672
0 0.396991 0.126221 0.022377 0.025879
0 0.565008 0.087402 0.014275 0.017578
0 0.56848 0.077881 0.01196 0.01416
0 0.506944 0.075684 0.013117 0.013672
0 0.430748 0.093018 0.023534 0.023926
0 0.359568 0.121094 0.026235 0.020508
1 0.203125 0.170166 0.014275 0.036621
0 0.497106 0.065674 0.015818 0.019043
1 0.779707 0.134277 0.006944 0.022461
0 0.575231 0.063965 0.008488 0.009766
0 0.608989 0.080811 0.01196 0.012207
0 0.51659 0.077637 0.012346 0.013672
0 0.521991 0.069336 0.013117 0.013672
0 0.595293 0.056641 0.006173 0.006836
0 0.585262 0.069824 0.010031 0.011719
0 0.635224 0.122803 0.006559 0.005371
1 0.159529 0.177979 0.01196 0.029785
