0 0.570988 0.648438 0.165123 0.241211
0 0.750386 0.545166 0.159722 0.192871
0 0.543017 0.243896 0.114583 0.070801
0 0.053819 0.478516 0.107639 0.166992
0 0.256366 0.303467 0.133873 0.11084
0 0.12963 0.294434 0.130401 0.095703
0 0.417052 0.142822 0.037809 0.035645
0 0.317515 0.142334 0.03858 0.036621
0 0.709298 0.22583 0.106096 0.055176
0 0.362461 0.144775 0.038194 0.035645
0 0.469907 0.143066 0.033951 0.036133
0 0.887731 0.831299 0.221451 0.336426
0 0.384259 0.133789 0.032407 0.038086
0 0.48206 0.100586 0.021991 0.023438
0 0.660301 0.144043 0.03125 0.03125
0 0.433063 0.132568 0.028164 0.032715
0 0.629437 0.114502 0.021991 0.023926
0 0.443094 0.126465 0.024306 0.029297
0 0.750193 0.102051 0.032793 0.018555
0 0.853009 0.183594 0.010802 0.044922
0 0.451775 0.119141 0.024691 0.027344
0 0.471258 0.088379 0.018133 0.018555
0 0.33912 0.134277 0.029321 0.03125
0 0.51196 0.081543 0.01466 0.015625
0 0.375772 0.112305 0.024691 0.017578
0 0.39159 0.108154 0.021605 0.019043
0 0.410301 0.118408 0.02662 0.023926
0 0.606289 0.088379 0.015046 0.015625
1 0.777392 0.133057 0.006944 0.023926
0 0.486304 0.080322 0.015818 0.01709
0 0.421103 0.112793 0.023534 0.020508
0 0.426312 0.094971 0.026235 0.023926
0 0.359568 0.121338 0.026235 0.021973
0 0.502508 0.077637 0.012731 0.011719
0 0.566551 0.084961 0.012731 0.016602
0 0.497106 0.065674 0.014275 0.019043
0 0.396412 0.126221 0.022762 0.025879
0 0.579668 0.073975 0.010417 0.012207
0 0.575039 0.062988 0.00733 0.008789
0 0.568866 0.075928 0.011188 0.012207
0 0.897377 0.505371 0.20216 0.40918
0 0.607832 0.079346 0.01196 0.012207
0 0.521605 0.070557 0.012346 0.012207
0 0.58777 0.065918 0.008873 0.009766
0 0.58314 0.070801 0.008873 0.011719
0 0.584684 0.053711 0.006559 0.008789
0 0.595293 0.056641 0.006173 0.006836
