0 0.247656 0.58 0.121354 0.153333
0 0.10599 0.434583 0.208854 0.2175
0 0.409896 0.299583 0.047917 0.060833
0 0.588021 0.372917 0.066667 0.0825
0 0.658594 0.184583 0.054688 0.105833
0 0.56875 0.140417 0.03125 0.060833
0 0.42526 0.172917 0.022396 0.034167
0 0.646354 0.122083 0.029167 0.0425
0 0.633594 0.112917 0.019271 0.035833
0 0.626823 0.093333 0.011979 0.021667
0 0.593229 0.097917 0.009375 0.015833
0 0.521354 0.110833 0.011458 0.018333
0 0.547396 0.0975 0.0125 0.023333
0 0.600521 0.159167 0.040625 0.106667
0 0.473177 0.9725 0.173437 0.051667
