0 0.570795 0.648438 0.166281 0.242188
0 0.436535 0.259033 0.123843 0.07959
0 0.750579 0.544922 0.16088 0.192383
0 0.151427 0.361572 0.149306 0.140137
0 0.415895 0.144043 0.037809 0.036133
0 0.611304 0.232178 0.110725 0.060059
0 0.361497 0.145752 0.037809 0.034668
0 0.315201 0.143799 0.039352 0.037598
0 0.469907 0.142822 0.033951 0.037598
0 0.887731 0.830811 0.221451 0.337402
0 0.383488 0.13501 0.030093 0.036621
0 0.433063 0.132812 0.027392 0.03125
0 0.476852 0.104004 0.021605 0.023438
0 0.339506 0.134766 0.030093 0.032227
0 0.443094 0.126465 0.024306 0.029297
0 0.629437 0.112061 0.021991 0.025879
0 0.65027 0.134521 0.032022 0.030762
0 0.451775 0.119629 0.024691 0.029297
0 0.358603 0.121582 0.02662 0.023438
0 0.506366 0.08374 0.015046 0.01709
0 0.465856 0.091797 0.018904 0.018555
0 0.476852 0.08252 0.018519 0.017578
1 0.853202 0.183105 0.01196 0.044922
0 0.750386 0.101807 0.034722 0.02002
0 0.41088 0.118408 0.026235 0.023926
0 0.42284 0.095215 0.026235 0.022461
0 0.375 0.112793 0.02392 0.017578
0 0.396991 0.126709 0.022377 0.025879
0 0.390046 0.108887 0.022377 0.018555
0 0.60571 0.085938 0.01466 0.016602
0 0.421103 0.112305 0.023534 0.020508
0 0.497106 0.079102 0.014275 0.015625
1 0.77527 0.131104 0.008873 0.023926
0 0.895448 0.526123 0.206019 0.450684
0 0.588735 0.064697 0.010031 0.010254
0 0.582176 0.070312 0.008488 0.010742
0 0.607446 0.075928 0.01196 0.012207
0 0.569444 0.080078 0.013117 0.018555
0 0.517747 0.071533 0.012346 0.013184
0 0.496721 0.066162 0.015046 0.02002
0 0.576196 0.07251 0.010417 0.012207
0 0.569059 0.074463 0.012346 0.012207
0 0.575039 0.062012 0.00733 0.009766
0 0.594715 0.05542 0.006559 0.007324
0 0.584684 0.053711 0.00733 0.009766
0 0.575039 0.053467 0.00733 0.008301
0 0.515046 0.065186 0.010031 0.010254
