0 0.256752 0.8396 0.28588 0.319824
0 0.559606 0.982422 0.200231 0.03418
0 0.58777 0.793701 0.179398 0.239746
0 0.810764 0.743164 0.193287 0.210938
0 0.067515 0.384521 0.134259 0.093262
1 0.855903 0.498779 0.042824 0.116699
0 0.707176 0.378662 0.188272 0.083496
0 0.896026 0.351074 0.166281 0.086914
0 0.658372 0.313965 0.123843 0.063477
0 0.749421 0.311768 0.135417 0.056152
0 0.774691 0.334961 0.114969 0.061523
0 0.787616 0.263916 0.241127 0.109863
0 0.957948 0.333496 0.083333 0.05957
1 0.611304 0.260986 0.021219 0.05127
1 0.638117 0.225586 0.012346 0.032227
1 0.695216 0.20166 0.009259 0.015625
0 0.564236 0.115723 0.009645 0.010742
0 0.548804 0.119141 0.009645 0.012695
0 0.570795 0.107178 0.010417 0.01416
0 0.552469 0.116211 0.008488 0.012695
0 0.545525 0.107422 0.006944 0.008789
0 0.548418 0.103027 0.00733 0.008789
0 0.554398 0.108154 0.008488 0.006348
0 0.562886 0.108398 0.006944 0.005859
0 0.538194 0.105713 0.007716 0.012207
0 0.221451 0.25415 0.051698 0.044434
0 0.096451 0.244385 0.063272 0.046387
0 0.018519 0.234619 0.036265 0.05127
0 0.040123 0.223877 0.028549 0.030762
0 0.059028 0.21875 0.034722 0.030273
0 0.44348 0.154785 0.014275 0.017578
0 0.448495 0.145996 0.018133 0.018555
0 0.479552 0.135986 0.013117 0.013184
0 0.341435 0.17749 0.024691 0.024902
0 0.49267 0.131348 0.013117 0.013672
0 0.495563 0.121582 0.011188 0.011719
0 0.479745 0.121582 0.009645 0.011719
0 0.492091 0.116943 0.008102 0.010254
0 0.143711 0.193115 0.025849 0.026855
0 0.189236 0.17749 0.025077 0.026855
0 0.206597 0.175049 0.018904 0.025879
0 0.157407 0.175293 0.01929 0.041016
0 0.175154 0.18457 0.013889 0.023438
0 0.241705 0.165039 0.020448 0.021484
0 0.103395 0.202637 0.028549 0.022461
1 0.112847 0.210205 0.010417 0.026855
1 0.269097 0.178711 0.008873 0.026367
1 0.278549 0.164551 0.007716 0.023438
0 0.291088 0.165039 0.017361 0.020508
0 0.309221 0.166748 0.034336 0.022949
0 0.323881 0.160889 0.019676 0.02002
0 0.334298 0.15918 0.011188 0.017578
0 0.340471 0.155029 0.014275 0.018066
0 0.347029 0.152832 0.015046 0.017578
0 0.353781 0.151367 0.015432 0.018555
0 0.361304 0.149658 0.013503 0.019043
0 0.377315 0.141602 0.018519 0.021484
1 0.26466 0.163818 0.009259 0.020996
0 0.409722 0.132812 0.010802 0.013672
0 0.442708 0.137451 0.01196 0.013184
