0 0.571373 0.647461 0.166667 0.242188
0 0.731481 0.506348 0.143519 0.176758
0 0.471451 0.246826 0.118056 0.070801
0 0.412809 0.146729 0.037809 0.038574
0 0.304784 0.148193 0.040123 0.039551
0 0.354552 0.150146 0.040123 0.038574
0 0.469522 0.143311 0.033951 0.036621
0 0.263696 0.308594 0.153164 0.103516
0 0.37963 0.137207 0.033951 0.038086
0 0.333912 0.13623 0.032793 0.033203
0 0.442901 0.126465 0.026235 0.029297
0 0.887539 0.831299 0.219522 0.336426
0 0.641204 0.126709 0.024691 0.025879
0 0.431906 0.133789 0.028164 0.032227
1 0.853395 0.183105 0.01466 0.044922
0 0.4701 0.107422 0.022762 0.024414
0 0.750386 0.101807 0.034722 0.02002
0 0.451775 0.118408 0.026235 0.028809
0 0.416474 0.097168 0.02662 0.023438
0 0.393711 0.128418 0.024306 0.029297
0 0.639853 0.108887 0.02662 0.022461
0 0.457562 0.095215 0.020062 0.020508
0 0.499228 0.088379 0.016975 0.017578
0 0.410687 0.119629 0.025849 0.025391
0 0.374228 0.112793 0.02392 0.018555
0 0.420718 0.112793 0.022762 0.020508
0 0.389468 0.109131 0.021991 0.019043
0 0.465664 0.084961 0.016975 0.017578
0 0.51196 0.074463 0.013117 0.013184
0 0.497106 0.065674 0.015818 0.020996
0 0.488233 0.082031 0.015818 0.015625
0 0.355903 0.122314 0.028164 0.023926
0 0.603395 0.08252 0.01466 0.015625
1 0.772377 0.12915 0.008488 0.023926
0 0.575039 0.078369 0.01196 0.015137
0 0.52662 0.075928 0.012346 0.015137
0 0.569637 0.073242 0.011188 0.013672
0 0.579861 0.068359 0.009259 0.010742
0 0.606096 0.073975 0.010802 0.012207
0 0.395255 0.080811 0.012731 0.01709
0 0.514468 0.067139 0.01196 0.013184
0 0.58912 0.063965 0.008488 0.009766
0 0.034336 0.557617 0.067901 0.261719
0 0.576196 0.061035 0.008102 0.009766
0 0.585069 0.053711 0.00733 0.009766
0 0.575039 0.053467 0.00733 0.007324
0 0.895062 0.506592 0.204475 0.45166
