0 0.570795 0.648438 0.166281 0.242188
0 0.206211 0.327637 0.137731 0.121094
0 0.750386 0.545166 0.159722 0.192871
0 0.493634 0.248535 0.119985 0.073242
0 0.661265 0.229248 0.108025 0.057129
0 0.417052 0.143311 0.037809 0.035645
0 0.316744 0.143311 0.039352 0.036621
0 0.057099 0.327637 0.113426 0.107422
0 0.362269 0.145264 0.037809 0.034668
0 0.469907 0.142334 0.033951 0.036621
0 0.887731 0.831299 0.221451 0.336426
0 0.655093 0.140381 0.030093 0.029785
0 0.384066 0.134033 0.03125 0.037598
0 0.479552 0.102051 0.021605 0.022461
0 0.433063 0.132324 0.028164 0.032227
0 0.339892 0.134033 0.029321 0.032715
0 0.443673 0.126465 0.024691 0.029297
0 0.629437 0.113525 0.021991 0.023926
0 0.451775 0.119385 0.024691 0.027832
0 0.897762 0.509766 0.201389 0.416016
0 0.468557 0.090332 0.018133 0.016602
0 0.750193 0.101807 0.032793 0.019043
1 0.853009 0.183594 0.010802 0.044922
0 0.481481 0.081299 0.017747 0.01709
0 0.423997 0.094971 0.026235 0.023926
0 0.41088 0.118164 0.026235 0.023438
0 0.500193 0.079102 0.012731 0.013672
0 0.390818 0.10791 0.022377 0.018555
0 0.508681 0.083008 0.014275 0.015625
0 0.421103 0.111572 0.022762 0.02002
0 0.374421 0.112549 0.024306 0.019043
0 0.359568 0.121094 0.026235 0.022461
0 0.396412 0.126953 0.022762 0.027344
0 0.566937 0.083496 0.012731 0.015625
1 0.776235 0.131348 0.008488 0.023438
0 0.605517 0.086914 0.015818 0.015625
0 0.497106 0.065918 0.014275 0.020508
0 0.577353 0.07373 0.010417 0.011719
0 0.01466 0.532227 0.029321 0.140625
0 0.588542 0.065674 0.008873 0.010254
0 0.575424 0.0625 0.008102 0.008789
0 0.569059 0.075439 0.012346 0.012207
0 0.608025 0.077148 0.012346 0.011719
0 0.519483 0.071045 0.01196 0.013184
0 0.582562 0.071289 0.010031 0.010742
0 0.594715 0.056396 0.006559 0.007324
1 0.116512 0.178223 0.016975 0.042969
