1 0.349121 0.481445 0.019531 0.083984
0 0.477539 0.454427 0.112305 0.06901
0 0.365479 0.405273 0.058105 0.059245
0 0.359619 0.364909 0.033691 0.027995
0 0.355225 0.349935 0.029785 0.029297
0 0.366455 0.336589 0.022949 0.026042
0 0.369141 0.324544 0.017578 0.022786
0 0.37207 0.309896 0.016602 0.018229
0 0.455322 0.308268 0.015137 0.014974
0 0.435791 0.296549 0.009277 0.01237
0 0.578613 0.368815 0.060547 0.033203
1 0.629883 0.385417 0.008789 0.023438
1 0.637939 0.392904 0.012207 0.037109
1 0.575439 0.343099 0.007324 0.018229
1 0.640381 0.353841 0.007324 0.030599
1 0.619629 0.35026 0.009766 0.026042
0 0.299072 0.372396 0.036621 0.040365
0 0.242188 0.375 0.041016 0.039062
0 0.275879 0.347005 0.030273 0.03125
0 0.340576 0.301432 0.018066 0.013021
0 0.358154 0.292969 0.01123 0.011719
0 0.194336 0.373047 0.043945 0.041667
0 0.177246 0.350586 0.041992 0.038411
0 0.209717 0.333659 0.027832 0.033203
0 0.24585 0.322266 0.027832 0.026042
0 0.045898 0.498047 0.091797 0.091146
0 0.922852 0.461263 0.152344 0.181641
0 0.446045 0.290039 0.010254 0.01237
0 0.422852 0.285156 0.008789 0.007812
0 0.404541 0.290039 0.009277 0.011068
0 0.463867 0.277669 0.011719 0.008464
1 0.696777 0.358398 0.012695 0.035807
