0 0.228554 0.811279 0.204657 0.271973
0 0.483047 0.474854 0.127042 0.116699
0 0.194444 0.389648 0.104575 0.12793
0 0.61009 0.349609 0.083742 0.083984
1 0.963031 0.873535 0.073121 0.201172
1 0.053513 0.435547 0.035131 0.094727
0 0.10723 0.35498 0.090278 0.098633
0 0.249592 0.310547 0.075163 0.069336
0 0.158497 0.309082 0.062908 0.071289
0 0.198734 0.269043 0.063317 0.048828
0 0.155637 0.240967 0.068627 0.054199
1 0.253472 0.186279 0.01348 0.020996
1 0.271446 0.168945 0.010212 0.016602
1 0.184641 0.177246 0.015523 0.02832
1 0.303513 0.145996 0.007353 0.019531
0 0.260212 0.140869 0.041667 0.02002
0 0.339665 0.143555 0.023284 0.020508
0 0.376634 0.138916 0.023693 0.021973
1 0.324346 0.132568 0.004902 0.01123
0 0.382149 0.109863 0.014297 0.013672
0 0.433415 0.099365 0.011438 0.013184
0 0.473039 0.224854 0.046569 0.049316
0 0.633578 0.223389 0.080882 0.04248
1 0.536969 0.275391 0.020833 0.040039
1 0.542075 0.235107 0.018791 0.031738
1 0.517157 0.183838 0.013072 0.024902
1 0.496528 0.170166 0.007761 0.018066
1 0.504698 0.170898 0.006944 0.018555
1 0.469975 0.139893 0.006127 0.016113
1 0.485703 0.145996 0.005719 0.012695
1 0.480392 0.137695 0.00817 0.017578
1 0.492443 0.139648 0.006127 0.017578
1 0.776961 0.39917 0.029412 0.094238
0 0.758578 0.220215 0.075163 0.035156
0 0.827819 0.216797 0.048611 0.035156
