0 0.648438 0.31997 0.065743 0.10508
0 0.588443 0.153137 0.034788 0.047311
0 0.602594 0.110807 0.025354 0.032371
0 0.571197 0.090139 0.022111 0.026892
0 0.598025 0.078187 0.017983 0.023904
0 0.561173 0.073456 0.016215 0.020418
0 0.56309 0.062749 0.01592 0.021912
0 0.58181 0.054532 0.012677 0.01743
0 0.560142 0.053785 0.011792 0.017928
0 0.583579 0.037102 0.011498 0.010458
0 0.576651 0.035359 0.011792 0.010956
0 0.558373 0.038347 0.010024 0.00996
0 0.559552 0.044323 0.010613 0.00996
0 0.560584 0.050797 0.012677 0.00996
0 0.543042 0.026892 0.007665 0.010956
0 0.557488 0.008466 0.006486 0.00996
0 0.553066 0.012201 0.007665 0.008466
0 0.548791 0.006225 0.005601 0.00747
0 0.542453 0.005229 0.004127 0.005478
0 0.565301 0.025896 0.03862 0.022908
0 0.586822 0.025398 0.004422 0.00996
0 0.598762 0.035359 0.008844 0.010956
0 0.611439 0.029382 0.005307 0.010956
0 0.630601 0.047062 0.011792 0.018426
0 0.646079 0.035359 0.020932 0.017928
0 0.672317 0.036604 0.017394 0.009462
0 0.704157 0.038596 0.018573 0.01245
0 0.66362 0.029631 0.006486 0.008466
0 0.655071 0.027639 0.005896 0.013446
0 0.671728 0.059014 0.00855 0.023406
0 0.681751 0.06499 0.017394 0.02241
0 0.686321 0.069223 0.010024 0.017928
0 0.692807 0.074203 0.013561 0.016932
0 0.704894 0.079183 0.016509 0.025896
0 0.684552 0.051793 0.006486 0.008964
0 0.693544 0.055528 0.011498 0.01245
0 0.698261 0.058765 0.006191 0.00996
0 0.71079 0.060757 0.019458 0.010956
0 0.703125 0.062002 0.006486 0.00747
0 0.717276 0.067978 0.010613 0.006474
0 0.710938 0.084163 0.016215 0.023904
0 0.715507 0.089143 0.01592 0.022908
0 0.720224 0.090637 0.017099 0.01992
0 0.727152 0.088894 0.013267 0.006474
0 0.721551 0.071713 0.010908 0.011952
0 0.744251 0.039343 0.017983 0.012948
0 0.757518 0.038098 0.015035 0.00747
0 0.729363 0.075199 0.01533 0.013944
0 0.73408 0.079432 0.012972 0.011454
0 0.74543 0.077191 0.017983 0.006972
0 0.738945 0.084412 0.009729 0.008466
0 0.748379 0.088147 0.016804 0.016932
0 0.765625 0.073705 0.025943 0.036853
0 0.775796 0.103337 0.005601 0.018426
0 0.754275 0.094622 0.009729 0.015936
0 0.749116 0.111056 0.020047 0.02988
0 0.737618 0.100349 0.005896 0.006474
0 0.733343 0.095618 0.016215 0.015936
0 0.723172 0.11006 0.022406 0.031873
0 0.730395 0.118775 0.0227 0.030378
0 0.739829 0.130727 0.026238 0.043327
0 0.805572 0.101096 0.019163 0.008964
0 0.808078 0.111305 0.025943 0.01743
0 0.803508 0.14243 0.016804 0.035857
0 0.821344 0.131723 0.024175 0.026394
0 0.82783 0.137201 0.03184 0.032371
0 0.812647 0.163596 0.034493 0.043327
0 0.842571 0.155627 0.028302 0.036355
0 0.836527 0.119522 0.025059 0.015936
0 0.850236 0.131225 0.017689 0.019422
0 0.850973 0.168576 0.022111 0.042331
0 0.856869 0.138197 0.009139 0.015438
0 0.901238 0.149402 0.080778 0.118526
0 0.869841 0.067729 0.015625 0.013944
0 0.881928 0.088645 0.00796 0.017928
0 0.8949 0.085657 0.012677 0.008964
0 0.895637 0.09512 0.009434 0.011952
0 0.889741 0.094871 0.004127 0.014442
0 0.90286 0.091633 0.005601 0.008964
0 0.931604 0.092131 0.008844 0.007968
0 0.940301 0.104084 0.022111 0.018924
0 0.942512 0.110807 0.019458 0.020418
0 0.959906 0.116783 0.028302 0.026394
0 0.96138 0.104333 0.01592 0.005478
0 0.980248 0.101096 0.030071 0.018924
0 0.963886 0.120269 0.013856 0.018426
0 0.979805 0.125 0.025649 0.027888
0 0.987176 0.128984 0.021521 0.030876
0 0.992482 0.130976 0.014446 0.030876
0 0.986144 0.159363 0.027123 0.032869
0 0.97273 0.145916 0.016215 0.027888
0 0.945902 0.146165 0.0398 0.072211
0 0.904334 0.223108 0.05513 0.056773
0 0.953715 0.252988 0.057193 0.058765
0 0.979511 0.283118 0.040389 0.072211
0 0.978331 0.207918 0.019752 0.037351
0 0.95283 0.217629 0.053656 0.045817
0 0.955189 0.190239 0.034788 0.021912
0 0.992482 0.201693 0.014446 0.091633
1 0.192217 0.315986 0.010024 0.040339
1 0.799528 0.085408 0.007075 0.021414
1 0.782282 0.037351 0.003243 0.01494
1 0.748968 0.04756 0.003833 0.008466
