0 0.398438 0.229167 0.069792 0.139815
0 0.357031 0.474537 0.095312 0.152778
0 0.344792 0.208796 0.033333 0.047222
0 0.536198 0.42037 0.076563 0.12037
0 0.283333 0.218981 0.039583 0.050926
0 0.360938 0.182407 0.027083 0.040741
0 0.46224 0.177315 0.023438 0.037963
0 0.382812 0.133333 0.026042 0.055556
0 0.40625 0.126389 0.014583 0.023148
0 0.753646 0.29537 0.097917 0.072222
0 0.380208 0.158796 0.022917 0.032407
0 0.450521 0.097222 0.0125 0.018519
0 0.369271 0.120833 0.011458 0.030556
0 0.398177 0.1375 0.007812 0.032407
0 0.416927 0.09213 0.009896 0.013889
1 0.754427 0.339815 0.020313 0.068519
1 0.675781 0.322222 0.022396 0.062963
0 0.401042 0.10787 0.015625 0.019444
0 0.473177 0.086111 0.014063 0.009259
0 0.31849 0.100463 0.017188 0.010185
0 0.429167 0.086111 0.009375 0.009259
