0 0.402083 0.559722 0.09375 0.156481
0 0.136719 0.427315 0.101562 0.143519
0 0.245573 0.192593 0.043229 0.040741
0 0.33125 0.224074 0.0375 0.062963
0 0.338542 0.172685 0.027083 0.043519
0 0.358594 0.159722 0.019271 0.032407
0 0.36875 0.147222 0.013542 0.025926
0 0.39349 0.131481 0.036979 0.087037
0 0.413542 0.098611 0.01875 0.043519
0 0.41875 0.126852 0.014583 0.024074
0 0.429427 0.106019 0.017188 0.041667
0 0.442969 0.091667 0.014063 0.037037
0 0.450781 0.098148 0.002604 0.012963
0 0.467969 0.078704 0.004687 0.009259
0 0.476302 0.067593 0.004687 0.012963
0 0.497656 0.116204 0.013021 0.023148
0 0.520573 0.097222 0.018229 0.048148
0 0.499219 0.091667 0.013021 0.037037
0 0.482292 0.104167 0.011458 0.028704
0 0.485937 0.092593 0.007292 0.012963
0 0.488021 0.089352 0.007292 0.012037
0 0.486198 0.081944 0.006771 0.006481
0 0.488802 0.074537 0.003646 0.006481
0 0.492708 0.068981 0.003125 0.00463
0 0.49401 0.074074 0.003646 0.007407
0 0.50026 0.071296 0.003646 0.003704
0 0.479427 0.063889 0.003646 0.009259
0 0.529948 0.325463 0.051562 0.075
