0 0.593018 0.812963 0.166504 0.305556
0 0.218018 0.774537 0.157227 0.257407
0 0.048218 0.824306 0.096436 0.2875
1 0.905396 0.431713 0.028076 0.104167
1 0.957153 0.444907 0.031982 0.111111
1 0.98999 0.433102 0.019531 0.104167
0 0.992065 0.303009 0.015381 0.052315
0 0.971191 0.221991 0.057129 0.045833
0 0.954834 0.206019 0.045898 0.047222
0 0.953857 0.203009 0.055176 0.043981
0 0.922241 0.18287 0.045166 0.038889
0 0.902954 0.205324 0.059326 0.048611
0 0.891113 0.199074 0.039551 0.039815
0 0.884521 0.195833 0.038086 0.036111
0 0.878174 0.194213 0.044922 0.04213
0 0.86853 0.172685 0.031982 0.033333
0 0.851196 0.179861 0.039795 0.043981
0 0.767456 0.17662 0.056885 0.049537
0 0.794067 0.162269 0.03833 0.034722
0 0.737671 0.157176 0.032959 0.035648
0 0.735474 0.165741 0.025635 0.038889
0 0.725708 0.170602 0.022705 0.041204
0 0.663208 0.170139 0.030518 0.044907
0 0.6698 0.147917 0.0354 0.031019
0 0.627563 0.14375 0.030029 0.029167
0 0.609985 0.139583 0.036377 0.044907
0 0.634766 0.123843 0.023438 0.025463
0 0.587524 0.131481 0.034912 0.035185
0 0.603638 0.120602 0.007568 0.009722
0 0.610107 0.119213 0.019531 0.01713
0 0.598145 0.115278 0.01709 0.010185
0 0.591797 0.11412 0.019531 0.014352
0 0.599365 0.111343 0.016113 0.014352
0 0.555786 0.093287 0.022705 0.022685
1 0.706421 0.206713 0.013916 0.056944
1 0.664062 0.201389 0.012207 0.05
1 0.658081 0.218056 0.012939 0.052778
1 0.585815 0.159028 0.007568 0.028241
1 0.551392 0.111343 0.00415 0.023611
1 0.556274 0.109722 0.004639 0.025
0 0.487915 0.063657 0.00708 0.011574
0 0.478394 0.050463 0.005127 0.007407
0 0.470947 0.050231 0.003906 0.006019
0 0.467407 0.049074 0.003174 0.005556
0 0.4646 0.049306 0.003418 0.006944
0 0.459839 0.049537 0.003662 0.005556
0 0.454224 0.05 0.004639 0.006481
0 0.452637 0.057639 0.005859 0.009722
0 0.43689 0.068519 0.007568 0.011111
0 0.433716 0.083796 0.01001 0.015741
0 0.426147 0.077778 0.008057 0.012037
0 0.41748 0.081944 0.008789 0.012963
0 0.421875 0.094213 0.010742 0.021759
0 0.421021 0.06875 0.012939 0.024537
0 0.405273 0.102778 0.014648 0.019444
0 0.363525 0.184722 0.032715 0.048148
0 0.369873 0.17037 0.027344 0.041667
0 0.383301 0.158796 0.023926 0.038889
0 0.374878 0.141667 0.026123 0.036111
0 0.344971 0.138889 0.023926 0.036111
0 0.334595 0.148611 0.020752 0.033333
0 0.320435 0.187037 0.031982 0.047222
0 0.320435 0.15787 0.02417 0.037037
0 0.313477 0.14537 0.021484 0.02963
0 0.30188 0.167824 0.0271 0.041204
0 0.284424 0.158565 0.021973 0.028241
0 0.285034 0.186574 0.032959 0.047222
0 0.246582 0.188657 0.033203 0.044907
0 0.262817 0.176389 0.025146 0.040741
0 0.256592 0.159491 0.026855 0.033796
0 0.23584 0.170139 0.021973 0.033796
0 0.216187 0.185185 0.0354 0.041667
0 0.038818 0.3125 0.076172 0.076852
0 0.073486 0.292361 0.092285 0.065278
0 0.054199 0.2625 0.088379 0.064815
1 0.137451 0.219676 0.011719 0.055093
1 0.054321 0.197917 0.007568 0.040278
1 0.078613 0.193519 0.009277 0.039815
1 0.026855 0.230093 0.01123 0.048148
1 0.024414 0.201157 0.006836 0.039352
0 0.009888 0.193056 0.019775 0.034259
0 0.130615 0.16713 0.030762 0.034259
0 0.074829 0.2125 0.05249 0.040741
0 0.150879 0.156019 0.025391 0.036111
0 0.171265 0.148843 0.022705 0.035648
0 0.187866 0.143287 0.018799 0.024537
0 0.214966 0.132639 0.031494 0.022685
0 0.233276 0.125 0.018799 0.025
0 0.245605 0.120602 0.01123 0.021759
0 0.252686 0.115509 0.01416 0.025463
0 0.270386 0.111574 0.012939 0.022222
0 0.278931 0.106944 0.010498 0.022222
0 0.289795 0.098148 0.01123 0.017593
0 0.304077 0.119676 0.018799 0.021759
0 0.301636 0.103241 0.013428 0.019444
0 0.306519 0.097454 0.014404 0.013426
0 0.31189 0.095139 0.018799 0.023611
0 0.322998 0.086343 0.026855 0.022685
0 0.334106 0.09537 0.009521 0.014815
0 0.341919 0.086111 0.014893 0.018519
0 0.345581 0.083333 0.015381 0.016667
0 0.352295 0.07963 0.008789 0.012963
0 0.365601 0.076852 0.005127 0.011111
