0 0.405208 0.209722 0.060417 0.123148
0 0.384375 0.383796 0.076042 0.115741
0 0.35625 0.189815 0.029167 0.042593
0 0.263542 0.238889 0.044792 0.059259
0 0.561198 0.374537 0.078646 0.102778
0 0.335156 0.223611 0.035937 0.05463
0 0.463021 0.163889 0.021875 0.031481
0 0.576562 0.891204 0.213542 0.215741
0 0.36224 0.12963 0.017188 0.031481
0 0.378125 0.163889 0.022917 0.035185
0 0.382031 0.132407 0.026562 0.053704
0 0.440625 0.099074 0.013542 0.02037
0 0.403906 0.129167 0.014063 0.025
0 0.416667 0.09213 0.010417 0.013889
0 0.397917 0.136574 0.009375 0.028704
1 0.733073 0.379167 0.022396 0.073148
1 0.653125 0.294444 0.019792 0.059259
0 0.809375 0.290741 0.032292 0.05
0 0.472917 0.086111 0.014583 0.009259
0 0.391927 0.109259 0.014063 0.018519
0 0.31849 0.1 0.017188 0.011111
0 0.429167 0.086111 0.009375 0.009259
0 0.445312 0.081019 0.0125 0.015741
