0 0.223177 0.691204 0.446354 0.615741
0 0.570573 0.705093 0.127604 0.234259
0 0.710677 0.548148 0.116146 0.172222
0 0.848177 0.833333 0.203646 0.296296
0 0.320833 0.206481 0.096875 0.090741
0 0.240104 0.255093 0.090625 0.063889
0 0.013281 0.276852 0.026562 0.057407
1 0.252083 0.162963 0.008333 0.02037
0 0.278385 0.187037 0.148438 0.094444
0 0.346354 0.151389 0.041667 0.05463
0 0.377083 0.161574 0.028125 0.050926
0 0.394271 0.131019 0.038542 0.078704
0 0.420312 0.156944 0.029167 0.05463
0 0.424479 0.107407 0.022917 0.048148
0 0.493229 0.071296 0.00625 0.012963
0 0.492448 0.060648 0.003646 0.00463
0 0.4875 0.063889 0.005208 0.005556
0 0.44349 0.085648 0.007812 0.013889
0 0.452604 0.081019 0.013542 0.028704
0 0.466406 0.079167 0.007812 0.013889
0 0.470833 0.075926 0.004167 0.007407
0 0.472135 0.074537 0.004687 0.006481
0 0.482031 0.06713 0.004687 0.006481
0 0.475781 0.066204 0.004687 0.008333
0 0.478385 0.060648 0.004687 0.00463
0 0.46875 0.068981 0.003125 0.00463
0 0.465104 0.069907 0.004167 0.00463
1 0.372917 0.105093 0.002083 0.006481
1 0.374479 0.105093 0.002083 0.006481
