0 0.939209 0.757161 0.120605 0.184896
0 0.720703 0.633789 0.104492 0.150391
0 0.5 0.639648 0.37207 0.462891
0 0.616943 0.454753 0.078613 0.064453
0 0.981689 0.43457 0.035645 0.046224
0 0.96582 0.414388 0.067383 0.060547
1 0.74585 0.384766 0.012207 0.03125
1 0.661133 0.393229 0.012695 0.032552
0 0.545654 0.361003 0.050293 0.035807
0 0.503418 0.375977 0.041016 0.038411
0 0.477295 0.343099 0.029785 0.033854
0 0.435791 0.347005 0.028809 0.032552
0 0.42749 0.331706 0.022949 0.025391
0 0.446533 0.320638 0.020996 0.024089
0 0.41748 0.30599 0.013672 0.016927
0 0.415771 0.298177 0.012207 0.013021
0 0.438965 0.292643 0.013672 0.017578
0 0.453125 0.293294 0.019531 0.030599
0 0.475586 0.310547 0.016602 0.019531
0 0.479736 0.321615 0.018066 0.018229
0 0.469482 0.27832 0.006348 0.005859
0 0.378418 0.402344 0.05957 0.028646
0 0.3479 0.406901 0.041504 0.053385
0 0.354004 0.372396 0.038086 0.03776
0 0.353516 0.359701 0.033203 0.024089
0 0.361328 0.353516 0.033203 0.035156
0 0.365234 0.341797 0.029297 0.029948
0 0.201172 0.361979 0.045898 0.046875
0 0.280518 0.347331 0.030762 0.030599
0 0.381836 0.308268 0.018555 0.017578
0 0.40918 0.286458 0.013672 0.011719
0 0.414307 0.277344 0.008301 0.007812
0 0.373779 0.281576 0.007324 0.007161
0 0.316162 0.292318 0.013184 0.013021
0 0.300049 0.291667 0.013184 0.016927
