0 0.364258 0.547852 0.229818 0.155273
0 0.098633 0.503662 0.197266 0.305176
0 0.550456 0.24585 0.404297 0.109863
0 0.539714 0.158691 0.052083 0.03418
0 0.286784 0.194824 0.061849 0.037109
0 0.316406 0.182617 0.049479 0.032227
0 0.333008 0.172363 0.05013 0.03125
0 0.299805 0.152832 0.054036 0.026367
0 0.334961 0.137695 0.04362 0.023438
0 0.530599 0.115967 0.029948 0.016113
0 0.092122 0.201904 0.069661 0.035645
0 0.016602 0.20459 0.030599 0.035156
0 0.047526 0.192627 0.052083 0.030762
0 0.088216 0.177002 0.051432 0.02002
0 0.134115 0.18457 0.059896 0.03125
0 0.186198 0.170898 0.052083 0.029297
0 0.187826 0.199707 0.072266 0.035156
0 0.325195 0.098389 0.037109 0.012207
0 0.346354 0.095947 0.02474 0.009277
0 0.354492 0.092529 0.01237 0.007324
0 0.463216 0.093018 0.022786 0.009277
0 0.555339 0.091797 0.016927 0.007812
0 0.547201 0.08374 0.01237 0.006348
0 0.551758 0.071777 0.01237 0.008789
0 0.588216 0.082764 0.008464 0.006348
0 0.596029 0.084473 0.008464 0.005859
1 0.923828 0.221436 0.028646 0.030762
1 0.943685 0.257568 0.034505 0.035645
1 0.254557 0.115479 0.013021 0.015137
1 0.150716 0.127441 0.011068 0.017578
1 0.321615 0.104736 0.009115 0.013184
1 0.198568 0.210938 0.033854 0.045898
1 0.166667 0.216309 0.029948 0.040039
1 0.063477 0.217773 0.030599 0.039062
1 0.030273 0.220215 0.025391 0.046875
0 0.444336 0.099121 0.025391 0.014648
0 0.527669 0.099609 0.024089 0.012695
