0 0.297068 0.77832 0.203704 0.37793
0 0.9701 0.668701 0.059028 0.17041
0 0.045332 0.572754 0.086034 0.234375
0 0.056906 0.355957 0.107639 0.103516
0 0.408758 0.228027 0.060571 0.064453
0 0.618056 0.205322 0.114198 0.069824
0 0.729745 0.191162 0.10841 0.070801
0 0.674961 0.150146 0.060571 0.041504
0 0.531443 0.178711 0.065201 0.052734
0 0.411073 0.179443 0.065201 0.04834
0 0.255208 0.188477 0.048997 0.045898
0 0.375579 0.153809 0.032022 0.035156
0 0.345293 0.143311 0.033179 0.033691
0 0.309992 0.144043 0.032793 0.035156
0 0.384259 0.136963 0.029321 0.032715
0 0.426312 0.126221 0.027778 0.033691
0 0.398341 0.126465 0.025849 0.027344
0 0.44348 0.108643 0.019676 0.019043
0 0.415509 0.11084 0.020062 0.021484
0 0.42554 0.096436 0.017747 0.021973
0 0.447338 0.102295 0.020448 0.018066
0 0.38696 0.095703 0.016975 0.017578
0 0.35108 0.116699 0.025463 0.025391
0 0.389275 0.085938 0.013889 0.016602
0 0.397955 0.080078 0.01196 0.012695
0 0.395833 0.072998 0.012346 0.012207
0 0.413194 0.084717 0.013117 0.01416
0 0.434414 0.080811 0.013117 0.01416
0 0.434028 0.069824 0.018519 0.021484
0 0.414738 0.071533 0.016204 0.013184
0 0.452932 0.084229 0.013889 0.01416
0 0.457562 0.080078 0.013889 0.012695
0 0.451582 0.073975 0.013503 0.012207
1 0.32311 0.095459 0.010417 0.020996
1 0.239776 0.144043 0.012731 0.036133
0 0.248843 0.11499 0.040123 0.020996
1 0.219715 0.154541 0.008873 0.022949
1 0.213156 0.161133 0.011188 0.027344
1 0.19213 0.149658 0.011574 0.029785
1 0.196566 0.183105 0.015818 0.033203
0 0.426505 0.065186 0.013503 0.018066
0 0.571181 0.113525 0.027392 0.025879
0 0.550733 0.094971 0.022762 0.021973
0 0.500579 0.088623 0.017361 0.01709
0 0.526235 0.075195 0.016204 0.014648
0 0.499807 0.074707 0.013503 0.010742
0 0.494985 0.070068 0.010802 0.010254
0 0.516011 0.067139 0.014275 0.01416
0 0.505787 0.066406 0.012346 0.010742
1 0.736304 0.129639 0.010417 0.029785
1 0.694252 0.128906 0.01196 0.023438
1 0.711806 0.125244 0.009259 0.026855
1 0.728974 0.124023 0.010417 0.029297
1 0.695602 0.12085 0.011574 0.021973
1 0.684799 0.121582 0.011574 0.021484
1 0.680363 0.123535 0.009645 0.021484
1 0.674961 0.121582 0.008873 0.017578
1 0.678819 0.13208 0.027392 0.02002
1 0.659336 0.124268 0.010802 0.031738
1 0.654128 0.122559 0.008873 0.02832
0 0.383681 0.06665 0.015046 0.010254
1 0.346451 0.070312 0.006944 0.014648
1 0.340471 0.093994 0.006559 0.015137
0 0.748843 0.104004 0.055556 0.029297
0 0.724344 0.094238 0.038194 0.024414
0 0.991898 0.120605 0.015432 0.040039
0 0.963735 0.120361 0.051698 0.032715
0 0.936921 0.112305 0.049769 0.03418
0 0.899498 0.115479 0.034336 0.023926
0 0.903742 0.105713 0.03588 0.019043
0 0.88831 0.102051 0.038966 0.023438
0 0.862269 0.101074 0.028549 0.021484
0 0.844715 0.098877 0.037423 0.020996
0 0.827739 0.098633 0.023534 0.015625
0 0.82446 0.09375 0.036265 0.021484
0 0.879244 0.095215 0.027006 0.027344
0 0.914931 0.102051 0.033565 0.032227
0 0.837963 0.085938 0.034722 0.018555
0 0.97338 0.187988 0.052469 0.041992
0 0.930363 0.176025 0.09375 0.043457
0 0.978781 0.16748 0.041667 0.046875
0 0.981481 0.464111 0.036265 0.115723
