0 0.576042 0.770833 0.145833 0.282407
0 0.371875 0.818519 0.135417 0.283333
0 0.159896 0.820833 0.185417 0.280556
1 0.354167 0.459259 0.023958 0.133333
1 0.344271 0.463426 0.01875 0.09537
1 0.291146 0.427315 0.03125 0.093519
1 0.277604 0.442593 0.022917 0.07037
1 0.122917 0.437963 0.036458 0.088889
1 0.05599 0.508333 0.031771 0.125926
1 0.759115 0.43287 0.023438 0.069444
1 0.913281 0.42037 0.020313 0.07037
1 0.91276 0.362963 0.019271 0.085185
1 0.946354 0.377315 0.021875 0.097222
1 0.989583 0.349537 0.014583 0.075
1 0.924479 0.35463 0.013542 0.051852
1 0.816406 0.229167 0.011979 0.043519
1 0.703906 0.228241 0.011979 0.037963
1 0.601823 0.17963 0.008854 0.040741
1 0.517188 0.206019 0.013542 0.041667
1 0.06901 0.226389 0.013021 0.043519
1 0.116406 0.206019 0.008854 0.041667
1 0.077604 0.189352 0.00625 0.039815
1 0.066406 0.174074 0.005729 0.040741
1 0.128385 0.16713 0.006771 0.021296
1 0.184896 0.215741 0.007292 0.035185
1 0.207552 0.207407 0.008854 0.02963
1 0.191667 0.214815 0.003125 0.024074
1 0.03151 0.225926 0.008854 0.027778
1 0.142448 0.221296 0.008854 0.033333
0 0.014063 0.314352 0.028125 0.05463
0 0.210677 0.163426 0.055729 0.09537
0 0.244271 0.187037 0.029167 0.046296
0 0.284896 0.175926 0.022917 0.040741
1 0.307031 0.196296 0.007812 0.035185
0 0.283854 0.148611 0.021875 0.028704
0 0.35 0.263889 0.088542 0.055556
0 0.40026 0.213426 0.151562 0.117593
0 0.621615 0.260648 0.084896 0.058333
0 0.720313 0.26713 0.091667 0.062037
0 0.736198 0.308796 0.109896 0.071296
0 0.834115 0.255093 0.083854 0.052778
0 0.898698 0.276852 0.092188 0.062963
0 0.965365 0.265741 0.067187 0.053704
0 0.978385 0.296296 0.040104 0.051852
1 0.570052 0.131481 0.006771 0.027778
0 0.347135 0.134259 0.011979 0.02037
0 0.356771 0.12037 0.009375 0.009259
0 0.365104 0.115741 0.007292 0.009259
0 0.421875 0.117593 0.011458 0.014815
0 0.3125 0.123611 0.00625 0.015741
