1 0.894271 0.513889 0.032292 0.094444
1 0.975521 0.418519 0.023958 0.064815
1 0.9875 0.312037 0.010417 0.038889
1 0.717448 0.291204 0.017188 0.05463
0 0.213281 0.84213 0.335938 0.313889
0 0.297135 0.6375 0.116146 0.110185
0 0.475521 0.581944 0.151042 0.317593
0 0.11875 0.293056 0.11875 0.073148
0 0.342448 0.291667 0.100521 0.083333
1 0.261719 0.193056 0.007812 0.049074
0 0.3125 0.195833 0.035417 0.041667
0 0.346615 0.212037 0.040104 0.061111
0 0.371615 0.196296 0.028646 0.042593
0 0.393229 0.172222 0.035417 0.05
0 0.420052 0.145833 0.039062 0.067593
0 0.44375 0.149074 0.015625 0.027778
0 0.4875 0.219907 0.028125 0.041667
0 0.505469 0.105093 0.009896 0.015741
0 0.489063 0.110185 0.011458 0.014815
0 0.478385 0.097222 0.016146 0.016667
