1 0.123828 0.50625 0.035938 0.077778
0 0.485547 0.422569 0.060156 0.077083
0 0.348047 0.344792 0.032031 0.050694
0 0.376953 0.328125 0.030469 0.038194
0 0.371289 0.298264 0.024609 0.035417
0 0.710547 0.867014 0.304688 0.264583
1 0.475781 0.336111 0.0125 0.029167
1 0.488867 0.341667 0.011328 0.029167
1 0.422461 0.278819 0.006641 0.011806
1 0.407031 0.279514 0.007031 0.010417
1 0.407422 0.269097 0.004688 0.009028
1 0.343945 0.249653 0.003516 0.007639
1 0.338867 0.247569 0.004297 0.007639
0 0.354102 0.255208 0.009766 0.011806
0 0.358203 0.251736 0.008594 0.011806
0 0.353516 0.247222 0.007031 0.0125
1 0.371289 0.242361 0.002734 0.006944
1 0.368164 0.242014 0.001953 0.004861
1 0.364648 0.238542 0.001953 0.00625
1 0.342969 0.239583 0.002344 0.005556
1 0.358984 0.235417 0.002344 0.004167
1 0.361719 0.235417 0.001563 0.004167
