0 0.747494 0.807271 0.181899 0.311753
0 0.201061 0.912351 0.268278 0.174303
0 0.367482 0.610807 0.149469 0.225598
1 0.900059 0.473357 0.053066 0.126992
1 0.994251 0.343875 0.010908 0.062251
0 0.986291 0.270169 0.026828 0.055279
0 0.970814 0.254233 0.057783 0.062251
0 0.965065 0.241036 0.069281 0.062749
1 0.899912 0.23506 0.018573 0.050797
1 0.89431 0.22759 0.013856 0.039841
1 0.780366 0.273904 0.020047 0.067729
1 0.757075 0.26992 0.017099 0.064741
0 0.561173 0.189243 0.02388 0.039841
0 0.594782 0.183516 0.021521 0.030378
0 0.570902 0.17256 0.019752 0.033367
0 0.575619 0.160608 0.016804 0.024402
0 0.599204 0.152639 0.016215 0.024402
0 0.580483 0.145667 0.012972 0.019422
0 0.5852 0.138446 0.012382 0.020916
0 0.587117 0.125249 0.00855 0.011454
0 0.590802 0.125249 0.007665 0.016434
0 0.595077 0.123257 0.005601 0.014442
0 0.491156 0.219871 0.035967 0.056275
0 0.504864 0.213645 0.025649 0.043825
0 0.511792 0.194721 0.030071 0.038845
1 0.19089 0.271165 0.012087 0.050299
1 0.169517 0.277639 0.009434 0.051295
1 0.173791 0.280129 0.00737 0.051295
1 0.123821 0.338645 0.013561 0.069721
1 0.112471 0.343875 0.015035 0.068227
1 0.063384 0.390189 0.010613 0.055279
0 0.406692 0.163098 0.00737 0.014442
0 0.427771 0.155876 0.009434 0.01494
0 0.434994 0.153137 0.004422 0.010458
0 0.006044 0.385209 0.012087 0.054283
