0 0.039551 0.792824 0.077637 0.268056
0 0.136841 0.579861 0.126221 0.195833
0 0.062256 0.498611 0.12207 0.199074
0 0.021484 0.625 0.042969 0.093519
0 0.137085 0.412269 0.079346 0.110648
0 0.243042 0.375694 0.067627 0.1375
0 0.192993 0.300463 0.065674 0.07963
0 0.088135 0.297685 0.077637 0.078704
0 0.450439 0.300231 0.113281 0.105093
0 0.380859 0.25463 0.072754 0.082407
0 0.282837 0.248843 0.049561 0.068056
0 0.341187 0.218519 0.039307 0.062037
0 0.309448 0.190278 0.0354 0.058333
0 0.35791 0.181944 0.031738 0.057407
0 0.332886 0.175231 0.026611 0.046759
0 0.345337 0.153472 0.025146 0.034722
0 0.357544 0.149537 0.024658 0.037037
0 0.010132 0.19375 0.019775 0.039352
0 0.128906 0.168287 0.024414 0.036574
0 0.147949 0.155324 0.018066 0.038426
0 0.170044 0.147917 0.022705 0.034722
0 0.186279 0.142593 0.021973 0.030556
0 0.216431 0.133333 0.02417 0.024074
0 0.236572 0.127546 0.01709 0.028241
1 0.236572 0.130093 0.005859 0.025926
0 0.244141 0.120833 0.013672 0.021296
0 0.252563 0.116435 0.014404 0.021759
0 0.270996 0.109954 0.012207 0.019907
0 0.278931 0.107176 0.012939 0.018981
0 0.302979 0.099074 0.022461 0.021296
0 0.314819 0.094213 0.025146 0.018056
0 0.32605 0.089352 0.030518 0.024074
0 0.341797 0.085648 0.01709 0.016667
0 0.364014 0.113426 0.01416 0.019444
0 0.375366 0.116667 0.014404 0.021296
0 0.41333 0.088657 0.013184 0.018981
0 0.450928 0.099074 0.012695 0.02037
0 0.484619 0.103935 0.013184 0.018981
0 0.467651 0.07963 0.009033 0.013889
0 0.460815 0.067824 0.00708 0.011574
0 0.468262 0.069907 0.007812 0.010185
0 0.474121 0.069676 0.006836 0.011574
0 0.439697 0.06875 0.007812 0.011574
0 0.473389 0.061343 0.006348 0.006019
0 0.477661 0.05625 0.005127 0.006019
0 0.484375 0.05787 0.004883 0.006481
0 0.471436 0.054167 0.005371 0.007407
0 0.964966 0.274537 0.06958 0.062037
0 0.925659 0.259259 0.06958 0.059259
0 0.90979 0.24537 0.06665 0.050926
0 0.971313 0.219907 0.056885 0.04537
0 0.904541 0.20463 0.062012 0.040741
0 0.892456 0.197685 0.054932 0.039815
0 0.883057 0.19213 0.05127 0.037037
0 0.92627 0.181481 0.054688 0.035185
0 0.953491 0.203241 0.038818 0.042593
0 0.848267 0.175463 0.04126 0.040741
0 0.867676 0.171296 0.033203 0.030556
0 0.765503 0.176389 0.056885 0.049074
0 0.793945 0.164815 0.040527 0.040741
0 0.661987 0.171065 0.032959 0.043981
0 0.666138 0.149537 0.028076 0.031481
0 0.742432 0.154861 0.037598 0.026389
0 0.632202 0.145139 0.054443 0.038426
0 0.611572 0.1375 0.038574 0.041667
0 0.588745 0.130556 0.037842 0.032407
0 0.609375 0.118287 0.020996 0.008796
0 0.596924 0.113889 0.018555 0.006481
1 0.785522 0.580556 0.023193 0.148148
1 0.723877 0.465278 0.029297 0.128704
1 0.789062 0.487269 0.025391 0.039352
1 0.734375 0.234028 0.015625 0.040278
1 0.659302 0.220139 0.016357 0.052315
1 0.636597 0.208796 0.01001 0.049074
1 0.609741 0.207407 0.013916 0.041667
1 0.592163 0.205093 0.011963 0.042593
1 0.58374 0.201157 0.010742 0.041204
1 0.567749 0.197222 0.01001 0.05
1 0.853271 0.222917 0.012695 0.048611
1 0.131714 0.216204 0.013428 0.047222
1 0.054688 0.201852 0.012695 0.044444
1 0.506836 0.098843 0.004395 0.018056
1 0.500122 0.08125 0.00415 0.011574
1 0.502563 0.086343 0.002197 0.009722
0 0.556763 0.087963 0.015869 0.010185
1 0.136475 0.17338 0.009766 0.031019
