0 0.411719 0.193519 0.053646 0.111111
0 0.538802 0.709259 0.145313 0.298148
0 0.407812 0.32037 0.060417 0.088889
0 0.320833 0.242593 0.040625 0.061111
0 0.599479 0.343519 0.086458 0.088889
0 0.235417 0.268056 0.053125 0.069444
0 0.351042 0.197222 0.029167 0.044444
0 0.374219 0.167593 0.025521 0.035185
0 0.354687 0.1375 0.021875 0.036111
0 0.380729 0.132407 0.027083 0.055556
0 0.46224 0.151852 0.019271 0.027778
0 0.431771 0.102315 0.013542 0.021296
0 0.402865 0.130093 0.014063 0.021296
1 0.771615 0.451852 0.026562 0.090741
1 0.635417 0.264815 0.017708 0.05
0 0.417187 0.09213 0.009375 0.013889
0 0.397396 0.138426 0.008333 0.023148
0 0.472917 0.086111 0.014583 0.009259
0 0.445833 0.081944 0.011458 0.017593
0 0.317448 0.100463 0.017188 0.010185
0 0.428646 0.086111 0.008333 0.009259
