0 0.052771 0.346614 0.105542 0.186255
0 0.493662 0.278635 0.251474 0.13994
0 0.786114 0.284114 0.259139 0.131972
0 0.484228 0.647659 0.137677 0.23257
0 0.319281 0.658616 0.117335 0.194721
0 0.294811 0.899402 0.179835 0.200199
0 0.559994 0.895418 0.19487 0.208167
1 0.721846 0.411604 0.027417 0.093127
1 0.785672 0.407122 0.030071 0.090139
0 0.523585 0.337151 0.127948 0.076693
0 0.268131 0.303038 0.122936 0.071215
0 0.196787 0.239791 0.045106 0.050299
0 0.30911 0.216135 0.036262 0.054781
0 0.287736 0.183765 0.03184 0.048805
0 0.108048 0.183018 0.055719 0.031375
0 0.12043 0.174303 0.030955 0.027888
0 0.139004 0.171813 0.021521 0.023904
0 0.153597 0.168825 0.03125 0.026892
1 0.159788 0.197709 0.008844 0.037849
1 0.622494 0.261952 0.011498 0.052789
1 0.92158 0.267181 0.010024 0.044323
0 0.991008 0.318725 0.017394 0.061753
0 0.316627 0.135707 0.01533 0.019422
0 0.347435 0.114542 0.009139 0.011952
0 0.353331 0.118775 0.009139 0.011454
0 0.355248 0.114791 0.009434 0.013446
0 0.394605 0.109064 0.010908 0.008964
0 0.392099 0.107321 0.010613 0.009462
0 0.380896 0.107819 0.011792 0.00747
1 0.405955 0.112799 0.002358 0.008466
1 0.402712 0.109562 0.002358 0.01494
0 0.23865 0.126743 0.011498 0.020418
0 0.259729 0.124751 0.018278 0.01743
0 0.264298 0.122759 0.009729 0.01743
0 0.266952 0.125 0.009139 0.01494
0 0.271521 0.123008 0.010613 0.01494
0 0.276975 0.12002 0.009729 0.011952
0 0.281545 0.118775 0.012972 0.011454
0 0.287146 0.116534 0.01592 0.015936
0 0.269605 0.113048 0.00796 0.00996
0 0.287146 0.10757 0.007665 0.005976
0 0.303066 0.112301 0.007075 0.009462
