1 0.787109 0.516667 0.017969 0.125
1 0.979688 0.33125 0.015625 0.0625
1 0.902734 0.28125 0.013281 0.051389
1 0.851172 0.276389 0.013281 0.044444
1 0.809766 0.25625 0.011719 0.0375
1 0.772656 0.24375 0.014063 0.031944
0 0.976562 0.28125 0.045313 0.079167
1 0.8125 0.440278 0.021875 0.086111
1 0.740234 0.24375 0.010156 0.029167
1 0.724609 0.234028 0.008594 0.031944
1 0.675391 0.233333 0.010156 0.027778
1 0.658984 0.236111 0.010156 0.038889
1 0.644922 0.229861 0.008594 0.034722
1 0.682813 0.232639 0.0125 0.034722
1 0.636719 0.213889 0.009375 0.027778
1 0.626953 0.204861 0.008594 0.026389
1 0.614453 0.186111 0.007031 0.019444
0 0.558984 0.1625 0.011719 0.019444
0 0.559375 0.138194 0.009375 0.015278
0 0.544531 0.147917 0.010938 0.018056
0 0.544531 0.142361 0.014063 0.018056
0 0.529687 0.158333 0.010938 0.022222
0 0.513672 0.177083 0.017969 0.026389
0 0.449219 0.213889 0.028125 0.038889
0 0.583594 0.28125 0.0375 0.056944
0 0.566406 0.243056 0.03125 0.044444
0 0.561719 0.20625 0.023438 0.0375
0 0.528516 0.233333 0.025781 0.05
0 0.51875 0.241667 0.029688 0.052778
0 0.517188 0.440278 0.134375 0.358333
1 0.048047 0.459028 0.022656 0.098611
1 0.051563 0.440278 0.028125 0.088889
1 0.010547 0.45625 0.019531 0.081944
1 0.014453 0.422917 0.022656 0.076389
1 0.128516 0.248611 0.010156 0.044444
1 0.162109 0.248611 0.013281 0.044444
1 0.211328 0.243056 0.014844 0.044444
1 0.205078 0.240278 0.011719 0.041667
1 0.404297 0.202083 0.008594 0.026389
1 0.41875 0.188194 0.007812 0.023611
