0 0.864258 0.851562 0.270508 0.295573
0 0.786621 0.283203 0.173828 0.080729
1 0.638428 0.191081 0.01123 0.017578
1 0.69165 0.192708 0.015137 0.027344
1 0.715332 0.181966 0.007812 0.017578
1 0.726074 0.188151 0.008789 0.019531
1 0.705322 0.214193 0.015137 0.045573
1 0.779053 0.201497 0.016113 0.039714
1 0.811523 0.198893 0.015625 0.039714
0 0.401367 0.203451 0.027344 0.027995
0 0.392334 0.194336 0.022949 0.026693
0 0.375244 0.186198 0.020996 0.022135
0 0.354248 0.177083 0.015137 0.018229
0 0.355957 0.16276 0.012695 0.014323
0 0.342041 0.162435 0.012207 0.013672
0 0.330322 0.161133 0.01123 0.01237
0 0.317383 0.171549 0.012695 0.016276
0 0.321533 0.151367 0.007324 0.008464
0 0.422607 0.161133 0.015137 0.016276
0 0.009521 0.310221 0.018066 0.033203
0 0.025635 0.296549 0.05127 0.048828
0 0.030273 0.280924 0.05957 0.046224
0 0.029785 0.270833 0.05957 0.048177
0 0.061035 0.267904 0.03125 0.044922
0 0.068359 0.263021 0.024414 0.036458
0 0.319336 0.145182 0.005859 0.005208
0 0.3125 0.146484 0.005859 0.00651
0 0.304932 0.147786 0.005371 0.00651
0 0.34082 0.147135 0.008789 0.007812
