0 0.508697 0.586404 0.11645 0.209661
0 0.333137 0.645418 0.143868 0.2251
0 0.495873 0.889193 0.190448 0.220618
0 0.762677 0.301295 0.135024 0.086653
0 0.446344 0.317729 0.116745 0.073705
0 0.136055 0.338396 0.105837 0.068227
0 0.179688 0.299801 0.090507 0.067729
0 0.362765 0.281873 0.094045 0.058765
0 0.548054 0.275896 0.100236 0.067729
0 0.856869 0.253984 0.092866 0.065737
0 0.978184 0.267181 0.042453 0.062251
0 0.408903 0.235309 0.033019 0.042331
0 0.423939 0.21738 0.028892 0.044323
0 0.438974 0.204432 0.027712 0.037351
0 0.452535 0.225847 0.035967 0.042331
0 0.46816 0.216384 0.027712 0.036355
0 0.477889 0.204432 0.026533 0.035359
1 0.457252 0.239293 0.014741 0.060259
1 0.469929 0.241783 0.010024 0.054283
1 0.302182 0.261703 0.013561 0.057271
1 0.62559 0.24502 0.010613 0.045817
1 0.634139 0.24751 0.011792 0.039841
1 0.702978 0.36255 0.020342 0.087649
1 0.94207 0.23257 0.015035 0.044821
0 0.029186 0.359313 0.058373 0.058267
0 0.044959 0.316235 0.089917 0.073705
1 0.339623 0.250249 0.012382 0.049303
0 0.569428 0.109562 0.00855 0.013944
