0 0.525781 0.806481 0.147396 0.303704
0 0.524479 0.446296 0.082292 0.162963
0 0.26901 0.31713 0.060937 0.093519
0 0.419531 0.165278 0.042188 0.086111
0 0.127083 0.385185 0.094792 0.116667
0 0.44974 0.2375 0.041146 0.056481
0 0.335938 0.155093 0.025 0.043519
0 0.376563 0.143519 0.028125 0.068519
0 0.713542 0.306944 0.103125 0.076852
0 0.347135 0.209259 0.032813 0.05
0 0.363802 0.178704 0.028646 0.038889
0 0.416667 0.108796 0.015625 0.026852
0 0.463542 0.131019 0.016667 0.025
0 0.360156 0.132407 0.014063 0.02963
1 0.599219 0.225926 0.014063 0.042593
0 0.394792 0.142593 0.010417 0.033333
0 0.39974 0.132407 0.013021 0.022222
0 0.472656 0.084722 0.014063 0.008333
0 0.317969 0.100463 0.017188 0.010185
0 0.428125 0.086111 0.008333 0.007407
0 0.445833 0.081019 0.010417 0.013889
0 0.416667 0.090741 0.010417 0.011111
