1 0.712158 0.510091 0.05127 0.115234
0 0.07373 0.435221 0.147461 0.113932
0 0.096436 0.347982 0.152832 0.086589
0 0.094238 0.313802 0.134766 0.075521
0 0.032227 0.211589 0.023438 0.022135
0 0.038818 0.197266 0.016113 0.011719
0 0.049805 0.201497 0.023438 0.017578
0 0.051758 0.218424 0.020508 0.026693
0 0.072021 0.195312 0.021973 0.018229
0 0.137695 0.208333 0.017578 0.022135
0 0.143799 0.211914 0.021973 0.027995
0 0.12085 0.219727 0.01709 0.01237
0 0.131348 0.237956 0.027344 0.034505
0 0.159912 0.217773 0.029785 0.026693
0 0.149658 0.247396 0.036621 0.040365
0 0.180176 0.224284 0.03418 0.029297
0 0.169189 0.259766 0.04541 0.041667
0 0.231445 0.245117 0.046875 0.04362
0 0.09082 0.247396 0.075195 0.088542
0 0.447266 0.248372 0.091797 0.056641
0 0.49292 0.256185 0.102051 0.060547
1 0.55249 0.203776 0.013184 0.026042
1 0.676758 0.172852 0.008789 0.020182
1 0.725098 0.164714 0.008789 0.016927
1 0.766846 0.160807 0.01416 0.015625
0 0.959961 0.160156 0.075195 0.050781
0 0.849121 0.165365 0.071289 0.035156
0 0.835205 0.190104 0.07959 0.052083
0 0.742188 0.197266 0.09082 0.057292
0 0.671875 0.204102 0.079102 0.04362
