0 0.515137 0.743287 0.128906 0.308796
0 0.705078 0.778241 0.133301 0.24537
0 0.887817 0.778935 0.142334 0.24213
0 0.980835 0.77338 0.036865 0.183796
1 0.101685 0.278241 0.015869 0.047222
1 0.122314 0.282407 0.014648 0.064815
1 0.138916 0.283565 0.011719 0.052315
1 0.163208 0.281944 0.015381 0.067593
1 0.153564 0.275 0.010742 0.061111
1 0.424072 0.135185 0.003906 0.014815
1 0.291382 0.260417 0.009521 0.058796
1 0.299561 0.24375 0.010742 0.031944
0 0.379395 0.234491 0.041504 0.060648
0 0.398438 0.218519 0.03125 0.04537
0 0.423462 0.24213 0.040771 0.05463
0 0.441895 0.220602 0.03418 0.049537
0 0.477173 0.237269 0.042725 0.05787
0 0.523193 0.235417 0.038086 0.060648
0 0.443115 0.175926 0.022461 0.036111
0 0.460693 0.19537 0.029785 0.042593
0 0.414062 0.185185 0.034668 0.060185
0 0.453125 0.144907 0.036621 0.062963
0 0.473755 0.160417 0.006104 0.020833
0 0.477539 0.152778 0.012695 0.023148
0 0.483154 0.147222 0.015137 0.024074
0 0.488525 0.13287 0.015137 0.021296
0 0.49939 0.135185 0.010498 0.017593
0 0.50415 0.127546 0.01416 0.013426
0 0.485107 0.171065 0.017578 0.024537
0 0.472778 0.187731 0.020752 0.033796
0 0.49231 0.151852 0.016846 0.017593
0 0.511597 0.138889 0.017334 0.011111
0 0.520996 0.14375 0.011719 0.019907
0 0.522705 0.13588 0.01709 0.020833
0 0.528198 0.13125 0.014404 0.01713
0 0.53479 0.126852 0.010986 0.013889
0 0.539429 0.123611 0.009521 0.012037
0 0.490845 0.217361 0.031494 0.050463
0 0.492676 0.199769 0.030273 0.0375
0 0.507202 0.175 0.030029 0.062963
0 0.527588 0.170602 0.01416 0.031944
0 0.532959 0.159491 0.016113 0.026389
0 0.539062 0.150463 0.016113 0.022222
0 0.542969 0.14213 0.022949 0.024074
0 0.531372 0.214583 0.034912 0.056944
0 0.536987 0.19838 0.030029 0.051389
0 0.548584 0.180324 0.022461 0.051389
0 0.470459 0.117593 0.011719 0.017593
0 0.474976 0.115509 0.010498 0.01713
0 0.47937 0.113889 0.009521 0.016667
0 0.49292 0.108102 0.01123 0.01713
0 0.500732 0.10625 0.005859 0.013426
0 0.504639 0.102778 0.007324 0.014815
0 0.510742 0.099074 0.008301 0.014815
0 0.542114 0.084259 0.006592 0.010185
0 0.653687 0.206713 0.063232 0.041204
0 0.645386 0.162963 0.023193 0.037037
0 0.651855 0.142593 0.015625 0.028704
0 0.634033 0.115972 0.012695 0.018056
0 0.651245 0.105093 0.010498 0.013889
0 0.632324 0.097222 0.013184 0.028704
0 0.624146 0.1 0.005127 0.012963
0 0.640015 0.096528 0.002686 0.009722
0 0.638916 0.084028 0.007812 0.008796
0 0.613525 0.072917 0.003906 0.006944
0 0.622681 0.070602 0.003662 0.005093
0 0.628418 0.068981 0.004395 0.008333
0 0.657104 0.088426 0.007568 0.011111
1 0.67041 0.100694 0.001953 0.011574
1 0.744019 0.150463 0.004639 0.025926
1 0.738647 0.15 0.005127 0.025
1 0.775513 0.184028 0.010498 0.030093
1 0.795288 0.206713 0.010986 0.039352
1 0.753174 0.157639 0.006836 0.019907
0 0.743164 0.146296 0.017578 0.025
0 0.732544 0.143287 0.009033 0.016204
1 0.713989 0.133102 0.00415 0.016204
0 0.82312 0.205324 0.033447 0.04213
0 0.617432 0.069676 0.003906 0.006944
1 0.893555 0.274769 0.016113 0.041204
1 0.911865 0.273611 0.010254 0.043519
1 0.920166 0.259722 0.010742 0.025
1 0.919556 0.299306 0.013428 0.060648
1 0.933594 0.3 0.015625 0.059259
1 0.949341 0.292361 0.011963 0.061574
1 0.956787 0.308796 0.015137 0.062963
1 0.978882 0.300694 0.014893 0.052315
