0 0.072671 0.958914 0.142983 0.081175
0 0.333284 0.921315 0.243219 0.156375
0 0.21875 0.671315 0.209316 0.272908
0 0.62839 0.602092 0.139446 0.231076
0 0.446197 0.447211 0.10112 0.156375
0 0.522995 0.356076 0.080778 0.119522
0 0.547759 0.286853 0.061321 0.090637
0 0.539062 0.222361 0.044517 0.060259
1 0.847435 0.346116 0.015625 0.091633
1 0.847877 0.292829 0.014741 0.052789
1 0.84375 0.281375 0.011203 0.042829
1 0.832105 0.303287 0.021521 0.056773
1 0.756191 0.316733 0.027712 0.079681
1 0.791863 0.308516 0.018278 0.083167
1 0.799676 0.275149 0.013856 0.040339
1 0.824735 0.293576 0.009139 0.034363
1 0.876916 0.201693 0.011498 0.036853
1 0.88237 0.182022 0.009434 0.024402
0 0.952535 0.210906 0.03125 0.031375
1 0.757518 0.205428 0.013267 0.049303
1 0.739239 0.195468 0.012677 0.048307
1 0.725088 0.191733 0.009729 0.041833
1 0.631338 0.135707 0.004422 0.010458
0 0.524322 0.173556 0.028597 0.044323
0 0.550708 0.155129 0.028892 0.035359
0 0.517394 0.13247 0.027712 0.048805
0 0.491893 0.111803 0.016804 0.02241
0 0.511498 0.103088 0.014741 0.018924
0 0.510613 0.0874 0.010613 0.01743
0 0.505454 0.082171 0.00855 0.015936
0 0.497494 0.076195 0.00737 0.010956
0 0.50737 0.071464 0.006486 0.009462
0 0.504127 0.06748 0.006486 0.009462
0 0.504864 0.062749 0.005601 0.00996
0 0.248526 0.312998 0.091392 0.111056
1 0.016215 0.242779 0.017689 0.050299
1 0.021963 0.248506 0.013267 0.059761
1 0.111291 0.210657 0.015035 0.056773
1 0.116156 0.186006 0.010613 0.032371
1 0.160525 0.207918 0.012677 0.052291
0 0.346846 0.209661 0.050413 0.072709
0 0.291863 0.180279 0.040684 0.048805
0 0.350088 0.163347 0.030955 0.028884
0 0.42954 0.174303 0.03184 0.045817
0 0.435731 0.161355 0.027712 0.039841
0 0.443544 0.149402 0.024469 0.034861
0 0.400649 0.126494 0.021226 0.028884
0 0.390035 0.096116 0.027123 0.017928
0 0.458726 0.117032 0.020047 0.030876
0 0.462117 0.101594 0.016215 0.021912
0 0.42954 0.107321 0.018868 0.024402
0 0.441627 0.098606 0.014151 0.023904
0 0.409346 0.099602 0.020932 0.01992
0 0.45283 0.09238 0.013561 0.018426
0 0.455189 0.085906 0.010024 0.014442
0 0.462264 0.08491 0.010024 0.016434
0 0.422317 0.098108 0.012677 0.016932
0 0.43013 0.091882 0.014151 0.013446
0 0.441922 0.085159 0.013561 0.012948
0 0.435879 0.085906 0.00796 0.014442
0 0.449587 0.079681 0.010024 0.012948
