0 0.989502 0.439779 0.02002 0.038411
1 0.761963 0.401042 0.01123 0.045573
1 0.71167 0.403646 0.01416 0.045573
1 0.775146 0.394531 0.009277 0.035156
1 0.781006 0.384115 0.006348 0.028646
1 0.680176 0.362956 0.011719 0.024089
1 0.52002 0.3125 0.005859 0.018229
0 0.44458 0.295247 0.01123 0.013672
0 0.423584 0.297201 0.012207 0.013672
0 0.44751 0.278646 0.007324 0.007812
0 0.371338 0.295898 0.015137 0.014974
0 0.314697 0.291992 0.016113 0.013672
0 0.343506 0.388021 0.040527 0.046875
0 0.35083 0.373372 0.038574 0.041016
0 0.359619 0.359375 0.025879 0.035156
0 0.364014 0.35026 0.024902 0.03125
0 0.366211 0.338542 0.029297 0.035156
0 0.297119 0.37207 0.041504 0.047526
0 0.313965 0.358073 0.029297 0.039062
0 0.323242 0.344727 0.027344 0.033203
0 0.327393 0.334635 0.025879 0.032552
0 0.335938 0.328451 0.021484 0.030599
0 0.338623 0.31901 0.021973 0.028646
0 0.24707 0.373372 0.044922 0.04362
0 0.263428 0.357747 0.037598 0.037109
0 0.274902 0.347005 0.030273 0.03125
0 0.290039 0.334961 0.02832 0.030599
0 0.299072 0.327148 0.024902 0.030599
0 0.191406 0.373372 0.049805 0.044922
0 0.216064 0.351888 0.04541 0.052734
0 0.24292 0.34375 0.024902 0.028646
0 0.255371 0.334635 0.029297 0.023438
0 0.225098 0.326172 0.02832 0.015625
0 0.164062 0.357747 0.045898 0.038411
0 0.111816 0.370443 0.068359 0.053385
1 0.128662 0.332682 0.008301 0.027344
1 0.033691 0.366211 0.015625 0.044922
1 0.022217 0.404297 0.023926 0.053385
